| Run on Mon Dec 15 19:21:22 2025
idecomp = 2: Per-residue decomp adding 1-4 interactions to EEL and VDW.
Energy Decomposition Analysis (All units kcal/mol): Poisson Boltzmann model

Complex:
Total Energy Decomposition:
Residue,Internal,,,van der Waals,,,Electrostatic,,,Polar Solvation,,,Non-Polar Solv.,,,TOTAL,,
,Avg.,Std. Dev.,Std. Err. of Mean,Avg.,Std. Dev.,Std. Err. of Mean,Avg.,Std. Dev.,Std. Err. of Mean,Avg.,Std. Dev.,Std. Err. of Mean,Avg.,Std. Dev.,Std. Err. of Mean,Avg.,Std. Dev.,Std. Err. of Mean
R:A:GLN:19,25.339831168831168,2.887995723882978,0.09128081460006979,-5.8951098901098895,1.74588589900364,0.05518217556276581,-46.95132467532467,4.748387507939402,0.15008217504516874,-3.2117882117882117,3.3261085269677735,0.10512823591776164,0.0,0.0,0.0,-30.71839160839161,6.708115885420347,0.21202326492005882
R:A:LYS:22,25.413827172827176,2.909517474971363,0.09196105209305552,-8.679522477522479,1.4286868214239765,0.04515647159360175,12.356226773226775,14.539110031395232,0.4595373172649403,-48.68267832167832,12.274735148647816,0.387967272286059,0.0,0.0,0.0,-19.592146853146854,19.30184658123004,0.6100730221481596
R:A:PHE:24,28.823301698301698,2.981924508955584,0.09424961955532593,0.08994305694305696,1.908341373276094,0.060316902011699834,2.8738911088911085,1.3239518286879561,0.04184611508060031,-1.089859140859141,0.5635139954923439,0.017810973929671056,0.0,0.0,0.0,30.697276723276723,3.821522869468299,0.12078678567738668
R:A:ASP:49,24.67611088911089,2.405564550346846,0.07603262356409506,-3.5297982017982017,1.234609885618569,0.039022286335327144,-82.47543556443556,10.039756207766327,0.3173263441674514,-30.240183816183816,9.965817492102287,0.3149893648774606,0.0,0.0,0.0,-91.56930669330669,14.40226459182121,0.4552120465952779
R:A:VAL:51,18.20164135864136,2.473914114758342,0.07819294667865037,-4.250241758241758,1.2231534013570229,0.03866018150006071,4.571882117882118,1.8998090450574836,0.060047220909408325,-0.1864765234765235,0.7056104262443101,0.022302212557047726,0.0,0.0,0.0,18.336805194805194,3.4239619991697787,0.10822108836909244
R:A:MET:53,21.79313786213786,2.796407486069739,0.08838598726835309,-8.421283716283718,1.5593283094486317,0.049285654108949195,7.7024185814185815,1.75635206636749,0.0555129794745626,-2.387857142857143,0.9825195702201371,0.031054473518963784,0.0,0.0,0.0,18.686415584415585,3.7817346405708747,0.11952920003928617
R:A:ARG:62,31.656283716283717,4.058707808693332,0.1282834846109362,-6.467191808191808,1.517418059601645,0.047960997803370674,-209.8627902097902,7.121722646557473,0.22509612433202902,-51.23835864135864,6.42136975268883,0.20296008648018202,0.0,0.0,0.0,-235.91205694305694,10.522765301915177,0.33259280152697596
R:A:PHE:64,29.73222877122877,3.0533955541660807,0.09650860324189489,0.793114885114885,1.6857227632542837,0.05328060071115486,3.311378621378621,1.3428168573525234,0.042442381608876215,-0.34776123876123877,0.5284834634734553,0.01670376470767861,0.0,0.0,0.0,33.48896103896104,3.774564548171067,0.11930257509327268
R:A:PHE:66,29.99842357642358,3.104524046749638,0.09812462033420062,0.7103426573426572,1.7325217037643474,0.054759773750384724,-0.1606973026973027,1.5061269013730807,0.04760411842423645,-1.6297202797202799,0.5701572610920129,0.018020947473096904,0.0,0.0,0.0,28.91834865134865,3.902973040680257,0.12336117937058315
R:A:LYS:94,24.165222777222777,2.9290850694332358,0.09257952460237145,-5.290786213786213,1.6771308935844975,0.053009037683581804,-37.84702897102897,25.747194503699784,0.8137909860905969,-6.710934065934066,19.870040394633424,0.6280319109751994,0.0,0.0,0.0,-25.683526473526474,32.697535648331424,1.0334702592223963
R:A:ARG:95,30.278594405594404,3.9799994306357394,0.12579575071107865,-8.284694305694305,1.6426002158128903,0.05191762734331755,-237.8505804195804,21.771774563460234,0.6881399792274264,-14.18997002997003,13.92507060742168,0.4401293872762134,0.0,0.0,0.0,-230.04665034965038,26.20031087603089,0.8281126248773057
R:A:ALA:96,10.982976023976025,2.529281346014571,0.07994293748695526,-4.628132867132868,0.9546527261267158,0.030173686816911273,12.949664335664336,1.846938439585133,0.058376140894987,-1.708784215784216,1.5202449443099324,0.04805034708350257,0.0,0.0,0.0,17.595723276723277,3.6098410276791304,0.11409616255950379
R:A:VAL:97,16.851284715284713,2.6599952355601957,0.08407440839551525,-5.1090879120879125,1.2353483924031807,0.039045628302328536,9.29606893106893,2.0287216242784374,0.0641217578438548,0.8240409590409591,0.9338102065296033,0.029514917778089997,0.0,0.0,0.0,21.862306693306696,3.6863767081580074,0.1165152240568281
R:A:ALA:98,10.641226773226773,2.4729478729524685,0.07816240669605573,-2.65594005994006,1.0311521108584651,0.03259160111538867,11.03253046953047,2.1560892672596577,0.0681474640140097,-2.3135564435564433,0.9828807854579906,0.031065890440701082,0.0,0.0,0.0,16.704260739260736,3.576803241007647,0.11305193799399729
R:A:ARG:99,32.88612787212787,4.156335852636605,0.13136921195646412,-4.075728271728272,1.5332141788972402,0.04846026538361597,-196.094973026973,8.286813512568004,0.2619211246092287,-68.19301998001997,7.106265875050939,0.22460758250956867,0.0,0.0,0.0,-235.4775934065934,11.781178477439221,0.3723674379003468
R:A:SER:102,15.829759240759241,2.440202687037124,0.07712743035593685,-3.906075924075924,1.350888320689314,0.04269749616541934,18.911877122877122,3.5427165970479657,0.11197456222024135,-3.029642357642357,2.179749943949051,0.06889530647940395,0.0,0.0,0.0,27.805918081918083,5.008157257309619,0.15829271155492786
R:A:ALA:107,11.560346653346652,2.251181332394165,0.0711530367354991,-3.810784215784216,0.9857078570302654,0.03115524562703875,6.141389610389611,2.3238310191247775,0.07344927371755874,-1.437904095904096,0.8714182709756644,0.0275428973021797,0.0,0.0,0.0,12.453047952047953,3.492706368873267,0.11039389008545573
R:A:HSD:108,24.686072927072924,2.849031828764819,0.09004928366082199,-6.705392607392607,1.329257835152,0.04201382190520043,-5.573851148851149,2.8935860026732074,0.09145750641356304,-3.7626913086913083,2.1513147989660037,0.06799655750416869,0.0,0.0,0.0,8.644137862137862,4.783816893730825,0.1512019908292008
R:A:VAL:109,17.97882017982018,2.7101666432892957,0.0856601749287797,-3.596197802197802,1.5561560516792612,0.049185388630397786,2.735254745254745,2.2704339984898176,0.07176155531116771,-0.05898501498501502,1.2565321212780123,0.03971518193496404,0.0,0.0,0.0,17.05889210789211,4.062064549570556,0.12838958104284584
R:A:THR:110,20.36785014985015,2.5935121030166766,0.08197307755019896,-2.0869540459540463,1.4099701599800187,0.0445648945046644,-8.839103896103895,4.216147574602196,0.1332596796806723,-2.872155844155844,2.5580559488507792,0.08085241569876891,0.0,0.0,0.0,6.569636363636364,5.747510025115477,0.1816614175277313
R:A:HSD:163,23.604206793206796,2.9438924120388883,0.09304753994045824,-6.4347282717282726,1.2002388590489557,0.03793592208694224,-10.002558441558442,4.442440251420803,0.14041210712618804,-2.750774225774226,3.089581095169925,0.0976523188063813,0.0,0.0,0.0,4.416145854145854,6.275975030503738,0.19836459883113458
R:A:ASP:167,22.409815184815184,2.581395817468284,0.08159011839079365,-4.171572427572428,1.4100207772960631,0.04456649436501156,-94.69747352647353,10.980683969912866,0.3470662263626637,-7.648126873126873,11.870748086483612,0.37519846247886973,0.0,0.0,0.0,-84.10735764235764,16.435992319866333,0.5194920322460567
R:A:LYS:186,24.11462937062937,2.836154877824111,0.08964228216780987,-6.032395604395604,1.5841569625698713,0.050070412778633826,-27.416270729270728,10.664914054592307,0.33708569389224113,-12.788830169830169,8.89264652220923,0.28106967464839205,0.0,0.0,0.0,-22.122867132867132,14.26088642875556,0.4507435102381871
L:B:LIG:194,109.81553046953047,5.998070962905044,0.18958089134109207,-6.107167832167832,4.205370659219325,0.13291905396336623,57.008077922077916,5.731513181052408,0.1811558056443647,-17.084642357642355,3.5531337602805766,0.11230381725958613,0.0,0.0,0.0,143.6317982017982,9.956756526122877,0.31470297513358936

Sidechain Energy Decomposition:
Residue,Internal,,,van der Waals,,,Electrostatic,,,Polar Solvation,,,Non-Polar Solv.,,,TOTAL,,
,Avg.,Std. Dev.,Std. Err. of Mean,Avg.,Std. Dev.,Std. Err. of Mean,Avg.,Std. Dev.,Std. Err. of Mean,Avg.,Std. Dev.,Std. Err. of Mean,Avg.,Std. Dev.,Std. Err. of Mean,Avg.,Std. Dev.,Std. Err. of Mean
R:A:GLN:19,20.928905094905097,2.5812307312396774,0.08158490051415283,-5.286636363636363,1.5346977788359502,0.04850715749284803,-53.77843856143856,4.597539353215713,0.14531432087896443,-1.2934615384615387,3.1176942164910413,0.09854088958712046,0.0,0.0,0.0,-39.42963136863137,6.314699889319283,0.19958857455544865
R:A:LYS:22,21.147421578421582,2.7493047407547184,0.08689721187762163,-7.152063936063937,1.2489298275699472,0.039474896412114255,8.46217882117882,14.222770201152665,0.44953877150665045,-48.62895304695305,12.23122285882205,0.3865919803396187,0.0,0.0,0.0,-26.171416583416583,19.00022386943632,0.6005396400151018
R:A:PHE:24,24.542272727272728,2.79736946337641,0.08841639246301926,0.6047342657342658,1.6738286128184081,0.052904662571155565,-0.25599900099900097,0.9363411740411698,0.029594914010172873,-0.2167652347652348,0.4394064517054449,0.013888309639971085,0.0,0.0,0.0,24.67424275724276,3.420057157961777,0.10809766814260018
R:A:ASP:49,20.249287712287714,2.056931116863018,0.06501337462890773,-2.0783936063936066,1.0233421098758888,0.03234475059347778,-85.41946953046953,10.009933674064056,0.3163837440287915,-31.672457542457543,10.193151710567783,0.3221747123059187,0.0,0.0,0.0,-98.92103296703297,14.469875902963958,0.45734903575570196
R:A:VAL:51,14.485207792207792,2.2314497965638025,0.0705293825351098,-3.5102007992007995,0.8458139000311325,0.02673362053704765,7.101090909090909,0.8367892115358144,0.026448377414783977,-1.023994005994006,0.3389214248639412,0.010712281701512128,0.0,0.0,0.0,17.052103896103898,2.5514414092518454,0.08064335009738938
R:A:MET:53,17.45355444555445,2.528594307932494,0.0799212222900543,-7.798971028971029,1.4393074828297499,0.04549215859503783,4.943224775224775,1.1083806695882321,0.03503256239969565,-1.2065954045954048,0.7350895295964559,0.02323395790050882,0.0,0.0,0.0,13.391212787212789,3.1991029257398886,0.10111397279299994
R:A:ARG:62,27.205550449550447,3.8974572875650484,0.12318684308839081,-5.983704295704296,1.4194731130081244,0.044865254123045484,-218.80266733266734,7.199437984518572,0.227552471236335,-48.5028971028971,6.52356333255436,0.20619011661488068,0.0,0.0,0.0,-246.08371828171832,10.563799651343425,0.3338897732681108
R:A:PHE:64,25.74060939060939,2.842689084834761,0.08984880869891418,2.3547372627372627,1.5299792911241745,0.04835802035997437,-0.7992807192807193,0.8780495834785386,0.027752493044349336,-1.2015754245754247,0.38723624913326715,0.012239367243949724,0.0,0.0,0.0,26.09449050949051,3.367883734334836,0.1064486239387748
R:A:PHE:66,25.499805194805194,2.945346916503119,0.09309351242969584,1.8937432567432566,1.6073214298447416,0.05080257156444527,-3.4352627372627373,0.967930881679261,0.03059336917488691,-0.6194875124875124,0.4373437875463657,0.013823115061208355,0.0,0.0,0.0,23.338798201798202,3.5194758725705695,0.11123999317477885
R:A:LYS:94,20.32103096903097,2.718248241154479,0.08591560980712927,-4.5310059940059935,1.5119915811348335,0.04778948322294245,-40.146039960039964,25.561838699801836,0.8079324494484764,-7.321258741258741,19.583091686605055,0.6189623297425617,0.0,0.0,0.0,-31.67727372627373,32.350889783167155,1.0225138313134945
R:A:ARG:95,26.118932067932068,3.7144412932848136,0.11740226075518703,-8.124213786213787,1.455619989796463,0.046007747628559276,-242.8512957042957,21.59013970302359,0.6823990503599366,-13.486495504495505,13.836436502046134,0.4373279311406931,0.0,0.0,0.0,-238.34307292707294,25.951820960140438,0.8202586098056053
R:A:ALA:96,7.619448551448551,1.941106251630827,0.06135250077029876,-4.024722277722278,0.574522541457308,0.018158920789472205,4.369955044955046,0.94975241685594,0.030018802854192908,-0.8941248751248752,0.3649397818082637,0.011534643312643577,0.0,0.0,0.0,7.070556443556444,2.2656522964552184,0.07161042016464257
R:A:VAL:97,13.647931068931069,2.3832554579117384,0.07532750059122345,-4.999125874125874,0.9000310251838914,0.02844725996812123,9.012938061938062,0.8292762766514085,0.026210916254223875,-0.17005394605394605,0.3755553797293675,0.011870170272635858,0.0,0.0,0.0,17.49168931068931,2.7053102243957436,0.0855066782082075
R:A:ALA:98,7.555009990009989,1.9738456629632675,0.062387294593308246,-3.2008591408591407,0.6406820768643726,0.020250023707519226,3.7908011988011987,1.0563063657387761,0.03338665107240363,-0.33626073926073924,0.4834193610814368,0.015279424657052176,0.0,0.0,0.0,7.808691308691309,2.378238348396306,0.07516892492585138
R:A:ARG:99,28.620545454545454,3.9522638109001362,0.12491911161429368,-4.710084915084916,1.287346648106029,0.04068913597759511,-201.02205294705297,7.876265104743085,0.24894493050024502,-66.2545964035964,6.929693755527849,0.21902667157800465,0.0,0.0,0.0,-243.3661888111888,11.284230508498839,0.3566604148450155
R:A:SER:102,11.985003996003993,2.060249945066828,0.06511827275581844,-4.007556443556443,0.8974220805564508,0.028364799115125554,19.053353646353646,1.827744209104566,0.05776946929246401,-1.145979020979021,1.2943397857897911,0.040910167919957545,0.0,0.0,0.0,25.884822177822176,3.172689805482373,0.10027913390688345
R:A:ALA:107,8.22002897102897,1.8295671614241655,0.057827087304614805,-3.262406593406593,0.6651165473020413,0.021022323454165978,-1.028010989010989,1.4118973004054611,0.044625805587886716,-0.38986013986013984,0.4906523399525162,0.015508037254320681,0.0,0.0,0.0,3.539751248751249,2.454361368105719,0.07757494346370082
R:A:HSD:108,24.686072927072924,2.849031828764819,0.09004928366082199,-6.705392607392607,1.329257835152,0.04201382190520043,-5.573851148851149,2.8935860026732074,0.09145750641356304,-3.7626913086913083,2.1513147989660037,0.06799655750416869,0.0,0.0,0.0,8.644137862137862,4.783816893730825,0.1512019908292008
R:A:VAL:109,14.298385614385616,2.395648996626553,0.07571922288510022,-4.4100049950049955,1.2649299321471459,0.03998061135047618,7.2098881118881115,1.0475114191717607,0.03310866939799802,-0.13973926073926077,0.5274561658944872,0.016671294936664263,0.0,0.0,0.0,16.958529470529466,2.9520623347949386,0.09330576650160745
R:A:THR:110,15.776274725274726,2.3392006770781566,0.07393506214394276,-2.0105174825174825,1.0387459837348738,0.03283162048120544,-3.9789230769230763,3.9144093904701283,0.12372264781606519,-1.6084455544455545,1.9951728122475971,0.06306138131153699,0.0,0.0,0.0,8.17838861138861,5.084699445719575,0.1607119787482805
R:A:HSD:163,23.604206793206796,2.9438924120388883,0.09304753994045824,-6.4347282717282726,1.2002388590489557,0.03793592208694224,-10.002558441558442,4.442440251420803,0.14041210712618804,-2.750774225774226,3.089581095169925,0.0976523188063813,0.0,0.0,0.0,4.416145854145854,6.275975030503738,0.19836459883113458
R:A:ASP:167,18.26783016983017,2.2566898568520335,0.07132714454168469,-3.4821678321678324,1.2675686567222666,0.040064013457595096,-99.96874525474526,10.957508614416188,0.3463337234330754,-9.001444555444555,11.885588770555293,0.3756675316399085,0.0,0.0,0.0,-94.18452747252748,16.371731578158695,0.5174609444569129
R:A:LYS:186,20.157340659340658,2.5410294339599675,0.08031425903316836,-5.8523516483516484,1.374905289706937,0.04345659995425932,-30.97382917082917,10.512168653517135,0.33225787350412445,-12.952709290709292,8.997267118564437,0.28437641543760916,0.0,0.0,0.0,-29.62154945054945,14.135193686069679,0.44677074260324817
L:B:LIG:194,109.81553046953047,5.998070962905044,0.18958089134109207,-6.107167832167832,4.205370659219325,0.13291905396336623,57.008077922077916,5.731513181052408,0.1811558056443647,-17.084642357642355,3.5531337602805766,0.11230381725958613,0.0,0.0,0.0,143.6317982017982,9.956756526122877,0.31470297513358936

Backbone Energy Decomposition:
Residue,Internal,,,van der Waals,,,Electrostatic,,,Polar Solvation,,,Non-Polar Solv.,,,TOTAL,,
,Avg.,Std. Dev.,Std. Err. of Mean,Avg.,Std. Dev.,Std. Err. of Mean,Avg.,Std. Dev.,Std. Err. of Mean,Avg.,Std. Dev.,Std. Err. of Mean,Avg.,Std. Dev.,Std. Err. of Mean,Avg.,Std. Dev.,Std. Err. of Mean
R:A:GLN:19,4.410926073926074,0.9233949654764225,0.029185723493026384,-0.6084955044955045,0.67345494627711,0.0212858750393052,6.82708991008991,1.2015515310739968,0.03797741168152771,-1.9182987012987014,0.545561527518211,0.017243550686205433,0.0,0.0,0.0,8.711221778221779,1.7457271519531847,0.055177158048383405
R:A:LYS:22,4.266399600399602,0.838343787389151,0.026497512858121602,-1.5274735264735266,0.5886470981346202,0.018605355328383647,3.894056943056943,1.1310531439944393,0.03574917077819257,-0.05372727272727272,0.5514848945859696,0.01743077041324619,0.0,0.0,0.0,6.579255744255743,1.6225728074550305,0.051284621506738355
R:A:PHE:24,4.28101898101898,0.8187869103953275,0.025879379095572475,-0.5147832167832168,0.7860852612281455,0.024845778820454124,3.1298871128871126,0.8253237879092468,0.026085990033212356,-0.873102897102897,0.3282789109252072,0.010375904007568009,0.0,0.0,0.0,6.0230199800199795,1.441273201305691,0.045554289013817355
R:A:ASP:49,4.426845154845155,0.8567013585732309,0.02707774018945178,-1.4513906093906095,0.5182173530929677,0.016379283992366055,2.944038961038961,1.3524885316527706,0.04274807399663575,1.4322797202797202,0.6478534106082061,0.02047668788866488,0.0,0.0,0.0,7.3517732267732265,1.8031710159374381,0.05699278493968926
R:A:VAL:51,3.7164135864135863,0.838634216703444,0.026506692450796607,-0.740042957042957,0.6997815765636798,0.0221179802388939,-2.529198801198801,1.4349480052116526,0.04535436868596011,0.8374885114885116,0.6277146282056988,0.019840161855211202,0.0,0.0,0.0,1.2846603396603395,1.9094771631124756,0.06035280089500566
R:A:MET:53,4.339598401598401,0.9121657054960789,0.028830800530403856,-0.6223086913086914,0.696096824317968,0.02200151635918435,2.759201798201798,1.1270229290277145,0.03562178786618416,-1.1812407592407592,0.6000370542812439,0.018965357411047743,0.0,0.0,0.0,5.29525074925075,1.71663106466516,0.054257518684875376
R:A:ARG:62,4.450704295704296,0.8320375088032228,0.026298190455509268,-0.48349750249750256,0.507244675755866,0.016032470831463,8.93987012987013,0.9316650467617241,0.029447115762512206,-2.7354565434565434,0.6418261350023605,0.020286183926844264,0.0,0.0,0.0,10.171620379620379,1.493159108758253,0.04719424570051416
R:A:PHE:64,3.9916113886113886,0.8695270797897453,0.027483122465746405,-1.5616183816183815,0.5781678943937224,0.018274139376116535,4.110662337662338,0.9165679947396967,0.0289699435855474,0.8537922077922078,0.3606185672260825,0.011398062782464377,0.0,0.0,0.0,7.394447552447553,1.435443519127344,0.04537003038292729
R:A:PHE:66,4.498626373626373,0.8300947193066075,0.026236784752453356,-1.1834055944055943,0.6075584926627762,0.019203087341446462,3.2745784215784215,0.9171176638167108,0.0289873169634563,-1.0102217782217782,0.43208797339024174,0.013656994663733343,0.0,0.0,0.0,5.5795774225774215,1.4442954652911182,0.04564981364228021
R:A:LYS:94,3.844196803196803,0.7795407766161837,0.024638927445440904,-0.7597772227772228,0.6868867097045266,0.02171041247785845,2.298992007992008,1.080006198383841,0.034135731139190634,0.6102807192807194,0.5210497608334712,0.016468807838850526,0.0,0.0,0.0,5.993692307692307,1.5866327288280069,0.05014866426596572
R:A:ARG:95,4.159643356643357,0.8913763312509522,0.02817371125550375,-0.1605004995004995,0.6497391332746103,0.02053628988172731,5.000706293706293,1.185323282638953,0.037464485805484025,-0.7034585414585415,0.7645031664015738,0.02416363404431967,0.0,0.0,0.0,8.29639060939061,1.7905778623189958,0.05659475342213227
R:A:ALA:96,3.363540459540459,0.968945385175004,0.030625434563606228,-0.6034025974025974,0.695889510297938,0.021994963789708617,8.579704295704296,1.26054839423852,0.03984212418230174,-0.8146493506493507,1.2668770873165678,0.040042155039252354,0.0,0.0,0.0,10.525192807192807,2.1487385086556396,0.06791512875542383
R:A:VAL:97,3.2033706293706294,0.8731382805944681,0.027597261606747737,-0.10997102897102899,0.7512584953483102,0.023745010030144762,0.2831258741258742,1.7663194811896938,0.05582801932621594,0.994093906093906,0.8207990108160892,0.025942975507418035,0.0,0.0,0.0,4.37061938061938,2.2628202115191063,0.0715209065210291
R:A:ALA:98,3.086236763236763,0.9534636217544452,0.03013610282229253,0.5449220779220779,0.925044666104178,0.0292378655429271,7.241721278721278,1.6138801269526155,0.05100987215349079,-1.9773006993006994,0.6741795579911166,0.021308777825128702,0.0,0.0,0.0,8.895579420579422,2.196344156293039,0.06941979936832317
R:A:ARG:99,4.265590409590409,0.912009629611129,0.028825867443488307,0.6343386613386613,0.7937783645966325,0.02508893456215788,4.9270789210789205,2.181873899438779,0.0689624382918486,-1.9384235764235764,1.4506180399077804,0.04584965111316216,0.0,0.0,0.0,7.888584415584416,2.885604281145148,0.09120522832430998
R:A:SER:102,3.844771228771229,0.8840034765004738,0.02794067760452355,0.10146453546453546,0.7745903631986708,0.024482459842105907,-0.14147052947052943,2.689089646748945,0.08499399478259193,-1.8836493506493506,1.9068222326413082,0.06026888656850213,0.0,0.0,0.0,1.9211158841158842,3.4998037848389045,0.11061821794908147
R:A:ALA:107,3.340281718281718,0.9002071759299904,0.028452827560712643,-0.5483586413586413,0.657151477350214,0.02077057167090094,7.169415584415584,1.536360536924021,0.048559712249597424,-1.0480459540459541,0.7105773087949963,0.022459200699897163,0.0,0.0,0.0,8.913292707292708,2.0267078810157186,0.06405810950674119
R:A:HSD:108,0.0,0.0,0.0,0.0,0.0,0.0,0.0,0.0,0.0,0.0,0.0,0.0,0.0,0.0,0.0,0.0,0.0,0.0
R:A:VAL:109,3.6804305694305692,0.9099385875933518,0.028760408065937878,0.8138221778221778,0.9353909023544353,0.029564878794767543,-4.474619380619381,1.9567902156429493,0.06184822346107194,0.08076823176823178,1.034942211357195,0.03271139473491489,0.0,0.0,0.0,0.10040159840159843,2.5696454429130355,0.08121872457175541
R:A:THR:110,4.591574425574426,0.8036458163315401,0.025400814882803994,-0.07645154845154846,0.7159743254233594,0.02262978408067334,-4.860173826173826,1.9189627208026776,0.06065261069934063,-1.2637192807192807,1.4106206639137333,0.04458545496757609,0.0,0.0,0.0,-1.6087702297702298,2.613567373163252,0.08260696401369501
R:A:HSD:163,0.0,0.0,0.0,0.0,0.0,0.0,0.0,0.0,0.0,0.0,0.0,0.0,0.0,0.0,0.0,0.0,0.0,0.0
R:A:ASP:167,4.141977022977023,0.8493175355515351,0.0268443598645748,-0.6894405594405594,0.6037882844349216,0.019083922456469508,5.271287712287712,0.8743255480511171,0.02763478754201656,1.3533296703296702,0.524215258811893,0.01656885966084447,0.0,0.0,0.0,10.077153846153847,1.457788520383634,0.04607628832508635
R:A:LYS:186,3.957308691308692,0.8987528341860337,0.02840686021457102,-0.18006293706293705,0.6473581546983945,0.020461034346483623,3.5575434565434567,1.3745757810254984,0.04344618518092335,0.16387012987012986,1.1689816598201561,0.03694797650789362,0.0,0.0,0.0,7.49865934065934,2.1172637852165908,0.06692030789365142
L:B:LIG:194,0.0,0.0,0.0,0.0,0.0,0.0,0.0,0.0,0.0,0.0,0.0,0.0,0.0,0.0,0.0,0.0,0.0,0.0

Receptor:
Total Energy Decomposition:
Residue,Internal,,,van der Waals,,,Electrostatic,,,Polar Solvation,,,Non-Polar Solv.,,,TOTAL,,
,Avg.,Std. Dev.,Std. Err. of Mean,Avg.,Std. Dev.,Std. Err. of Mean,Avg.,Std. Dev.,Std. Err. of Mean,Avg.,Std. Dev.,Std. Err. of Mean,Avg.,Std. Dev.,Std. Err. of Mean,Avg.,Std. Dev.,Std. Err. of Mean
R:A:GLN:19,25.339831168831168,2.887995723882978,0.09128081460006979,-5.46881018981019,1.6598905263229522,0.05246412179100481,-46.840450549450544,4.824515134965863,0.15248833920638247,-3.330467532467533,3.4191383996262865,0.10806862896896477,0.0,0.0,0.0,-30.299897102897102,6.7869145820362835,0.21451385351651822
R:A:LYS:22,25.413827172827176,2.909517474971363,0.09196105209305552,-7.941534465534465,1.4241316456412387,0.04501249625712314,12.083587412587411,14.223288222445,0.44955514459375495,-50.23734565434565,11.74014073467323,0.37107035890606377,0.0,0.0,0.0,-20.681465534465534,18.725017362073576,0.5918411942495606
R:A:PHE:24,28.823301698301698,2.981924508955584,0.09424961955532593,2.5902917082917085,1.7867381933147701,0.05647339309198984,3.2306423576423575,1.2735958627219601,0.04025451521937566,-1.8803926073926072,0.5649729217431502,0.01785708617821551,0.0,0.0,0.0,32.76384315684315,3.745069822100146,0.1183703359628976
R:A:ASP:49,24.67611088911089,2.405564550346846,0.07603262356409506,-3.504947052947053,1.2350567464804114,0.03903641025633733,-81.88887012987013,9.85166703820654,0.311381414099555,-30.727544455544454,9.807710974010297,0.30999209578676634,0.0,0.0,0.0,-91.44525074925075,14.16187289712485,0.4476139918151026
R:A:VAL:51,18.20164135864136,2.473914114758342,0.07819294667865037,-4.077472527472527,1.218149501205504,0.03850202334275086,4.559933066933067,1.888109301862502,0.05967742739461265,-0.11812587412587414,0.7038687299141149,0.022247162801090185,0.0,0.0,0.0,18.565976023976024,3.415337052066514,0.10794847986383815
R:A:MET:53,21.79313786213786,2.796407486069739,0.08838598726835309,-6.843642357642358,1.1585573101591102,0.03661849432727015,7.83981918081918,1.8201686955311414,0.05753003020871553,-2.81400999000999,0.986778428135651,0.031189083143409964,0.0,0.0,0.0,19.975304695304697,3.667273594306183,0.11591143237549975
R:A:ARG:62,31.656283716283717,4.058707808693332,0.1282834846109362,-5.878677322677322,1.38122212197206,0.04365625592676789,-205.64781518481522,7.167712803536092,0.22654973416873234,-56.35272727272727,6.3358304231879545,0.20025644685474464,0.0,0.0,0.0,-236.22293606393606,10.483307570225271,0.3313456619065326
R:A:PHE:64,29.73222877122877,3.0533955541660807,0.09650860324189489,2.7222097902097904,1.6822549688331705,0.05317099421243083,3.435588411588412,1.3834522154354236,0.043726742439710656,-0.9757482517482516,0.5288016030838187,0.016713820139045897,0.0,0.0,0.0,34.91427872127872,3.7877140016350594,0.11971818956728758
R:A:PHE:66,29.99842357642358,3.104524046749638,0.09812462033420062,2.405281718281718,1.7638086578690644,0.055748659791113944,-0.17173726273726272,1.4875795497999817,0.04701789270850373,-2.0723866133866133,0.6480081672292592,0.02048157927763671,0.0,0.0,0.0,30.15958141858142,3.921976292661591,0.12396181472006154
R:A:LYS:94,24.165222777222777,2.9290850694332358,0.09257952460237145,-4.703185814185813,1.6512249839107542,0.05219023019075224,-38.150814185814184,25.765764223159287,0.8143779187876021,-7.033015984015985,20.014030400917637,0.6325829998009891,0.0,0.0,0.0,-25.721793206793205,32.79850762128909,1.0366616780555793
R:A:ARG:95,30.278594405594404,3.9799994306357394,0.12579575071107865,-8.14834065934066,1.6463535285272937,0.0520362582121884,-237.93532267732266,21.760065695849534,0.6877698973174324,-14.304310689310688,13.806668475052033,0.4363870537943081,0.0,0.0,0.0,-230.10937962037963,26.12805826839106,0.8258289383649603
R:A:ALA:96,10.982976023976025,2.529281346014571,0.07994293748695526,-4.291693306693308,0.8806299130743592,0.02783404946269697,13.039873126873127,1.8332438800561561,0.057943297266079746,-1.9271998001998,1.5313336498923633,0.0484008275464943,0.0,0.0,0.0,17.803956043956042,3.588668143218965,0.1134269516860339
R:A:VAL:97,16.851284715284713,2.6599952355601957,0.08407440839551525,-4.528182817182818,1.2446180769163961,0.039338615008110187,9.545371628371628,1.876877873810932,0.05932243590581261,-0.08092007992007995,0.9915084541201864,0.031338584966206076,0.0,0.0,0.0,21.787553446553446,3.623590536799495,0.11453074297888562
R:A:ALA:98,10.641226773226773,2.4729478729524685,0.07816240669605573,-2.1555814185814186,0.9944284597962454,0.03143087751863033,11.069464535464535,2.1292377212789773,0.06729876781611772,-2.604976023976024,0.989956762204058,0.03128954067540564,0.0,0.0,0.0,16.950133866133868,3.55218620130529,0.1122738677847893
R:A:ARG:99,32.88612787212787,4.156335852636605,0.13136921195646412,-1.8163606393606395,1.3248713276293727,0.041875177662550236,-197.62839560439562,8.221081866657354,0.2598435459846799,-68.39484715284715,7.083142857438039,0.22387673382227233,0.0,0.0,0.0,-234.95347552447552,11.695619331691878,0.3696631719432619
R:A:SER:102,15.829759240759241,2.440202687037124,0.07712743035593685,-2.671103896103896,1.165044313724531,0.03682352890016385,20.610088911088912,2.6100898165076,0.08249704896024783,-5.591917082917083,2.5393976293204035,0.08026268262135591,0.0,0.0,0.0,28.176827172827174,4.535749836223315,0.1433613410327105
R:A:ALA:107,11.560346653346652,2.251181332394165,0.0711530367354991,-3.7306443556443556,0.9772372704251008,0.030887515990507194,6.054763236763237,2.3228121896569025,0.07341707159793748,-1.3248331668331668,0.8942629696459431,0.02826494916904066,0.0,0.0,0.0,12.559632367632368,3.495421691488245,0.11047971322506342
R:A:HSD:108,24.686072927072924,2.849031828764819,0.09004928366082199,-5.310698301698301,1.1934072214005669,0.03771999467249337,-3.639127872127872,2.9720985434336606,0.093939050488462,-5.770211788211788,2.3060525637275107,0.07288735048561863,0.0,0.0,0.0,9.966034965034964,4.867489222993795,0.15384662022094384
R:A:VAL:109,17.97882017982018,2.7101666432892957,0.0856601749287797,-3.5420489510489515,1.5560451645268372,0.04918188382271465,2.78675024975025,2.2811506279452622,0.07210027557254844,-0.023429570429570404,1.2317874114706877,0.03893307645967683,0.0,0.0,0.0,17.20009190809191,4.060446798429705,0.12833844881964487
R:A:THR:110,20.36785014985015,2.5935121030166766,0.08197307755019896,-2.0570769230769232,1.4126463193076566,0.04464947981114745,-8.837847152847154,4.215073139820986,0.13322572004518793,-2.898554445554445,2.5711058430229374,0.0812648834045305,0.0,0.0,0.0,6.574371628371629,5.753199238859583,0.18184123637604238
R:A:HSD:163,23.604206793206796,2.9438924120388883,0.09304753994045824,-6.429730269730269,1.2000411586235018,0.037929673374129766,-10.004152847152847,4.444474675647496,0.1404764091260556,-2.745572427572428,3.0921553531914805,0.0977336833206204,0.0,0.0,0.0,4.424751248751249,6.278644852736395,0.1984489838412019
R:A:ASP:167,22.409815184815184,2.581395817468284,0.08159011839079365,-4.1551988011988,1.409377656293905,0.04454616725424823,-94.3764835164835,10.98349616815621,0.34715511144803507,-7.707834165834166,12.011108513736056,0.3796348312834574,0.0,0.0,0.0,-83.8297012987013,16.539463883365393,0.5227624555801459
R:A:LYS:186,24.11462937062937,2.836154877824111,0.08964228216780987,-6.013107892107891,1.5821301749404804,0.05000635214852202,-27.852858141858142,10.618036410591156,0.3356040332735738,-12.873963036963037,9.086554653781388,0.28719852451513833,0.0,0.0,0.0,-22.625299700299703,14.347650785904234,0.4534858692843888

Sidechain Energy Decomposition:
Residue,Internal,,,van der Waals,,,Electrostatic,,,Polar Solvation,,,Non-Polar Solv.,,,TOTAL,,
,Avg.,Std. Dev.,Std. Err. of Mean,Avg.,Std. Dev.,Std. Err. of Mean,Avg.,Std. Dev.,Std. Err. of Mean,Avg.,Std. Dev.,Std. Err. of Mean,Avg.,Std. Dev.,Std. Err. of Mean,Avg.,Std. Dev.,Std. Err. of Mean
R:A:GLN:19,20.928905094905097,2.5812307312396774,0.08158490051415283,-4.906621378621379,1.45623873120455,0.04602730417405202,-53.70366133866134,4.708630890113863,0.14882558853749223,-1.4312687312687316,3.2090749425223093,0.10142915809870429,0.0,0.0,0.0,-39.11264635364636,6.4228303866921,0.20300625270561942
R:A:LYS:22,21.147421578421582,2.7493047407547184,0.08689721187762163,-6.4423486513486505,1.2541412309200213,0.03963961311826114,8.177197802197803,13.936126190431812,0.44047882083482226,-50.15229370629371,11.729569720319093,0.37073624109785,0.0,0.0,0.0,-27.270022977022975,18.464288933075544,0.5836003567747953
R:A:PHE:24,24.542272727272728,2.79736946337641,0.08841639246301926,3.0012617382617384,1.5496394635390576,0.04897941897852754,0.08788811188811188,0.8886578647982943,0.02808778874869064,-0.9157352647352647,0.41438491766130886,0.013097454587380757,0.0,0.0,0.0,26.71568731268731,3.344859644625089,0.10572090206344423
R:A:ASP:49,20.249287712287714,2.056931116863018,0.06501337462890773,-2.0581128871128875,1.0229335302142166,0.032331836625483286,-84.8144045954046,9.82446609252308,0.31052167443327183,-32.20506893106893,10.039596939595445,0.3173213101820276,0.0,0.0,0.0,-98.8282987012987,14.233446502496356,0.44987621711832804
R:A:VAL:51,14.485207792207792,2.2314497965638025,0.0705293825351098,-3.358011988011988,0.8416972232581638,0.026603504828712547,7.094316683316683,0.8358123105057712,0.026417500526335506,-1.0453426573426572,0.3412696009433062,0.010786500448990275,0.0,0.0,0.0,17.17616983016983,2.550072463508858,0.08060008186069159
R:A:MET:53,17.45355444555445,2.528594307932494,0.0799212222900543,-6.2666663336663335,1.0350612140538384,0.03271515605041802,5.1153626373626375,1.1597040139460908,0.03665473816756221,-1.614250749250749,0.7249595724454281,0.022913780577196726,0.0,0.0,0.0,14.688,3.0554247941309485,0.09657274138291787
R:A:ARG:62,27.205550449550447,3.8974572875650484,0.12318684308839081,-5.429222777222777,1.2756828448325546,0.04032047841507413,-214.4977342657343,7.271880984467666,0.22984217547403216,-53.635645354645355,6.475631591789971,0.20467513918399646,0.0,0.0,0.0,-246.35705194805197,10.565585530099348,0.33394621949698483
R:A:PHE:64,25.74060939060939,2.842689084834761,0.08984880869891418,4.225644355644356,1.5262838127666478,0.04824121746029472,-0.6098001998001998,0.9497295908542682,0.03001808139328165,-1.8683026973026973,0.38839114511162093,0.012275870014646606,0.0,0.0,0.0,27.488150849150852,3.385743269578708,0.10701310985956676
R:A:PHE:66,25.499805194805194,2.945346916503119,0.09309351242969584,3.5611998001997995,1.5988901395535586,0.05053608396560837,-3.4694055944055946,0.9453119953539737,0.029878454553634422,-0.9738941058941059,0.5183101112305459,0.01638221579669281,0.0,0.0,0.0,24.617705294705296,3.520479836170059,0.11127172542923905
R:A:LYS:94,20.32103096903097,2.718248241154479,0.08591560980712927,-4.008217782217782,1.4958909728722734,0.04728059166690265,-40.42671428571429,25.592180358788674,0.808891457568098,-7.710638361638361,19.721496829244504,0.6233368979112366,0.0,0.0,0.0,-31.824539460539462,32.45802976161569,1.025900202154746
R:A:ARG:95,26.118932067932068,3.7144412932848136,0.11740226075518703,-8.0658991008991,1.4587439723379694,0.04610648727309091,-243.01924475524478,21.572496526472086,0.6818414028833716,-13.448504495504496,13.838085256734658,0.4373800432923143,0.0,0.0,0.0,-238.41471628371627,25.938199977164935,0.8198280917091361
R:A:ALA:96,7.619448551448551,1.941106251630827,0.06135250077029876,-3.778263736263736,0.5427095178388467,0.017153407281689022,4.427121878121878,0.9365547855115601,0.029601665623017692,-0.988057942057942,0.365800815202697,0.01156185797539109,0.0,0.0,0.0,7.280248751248751,2.2524147494501796,0.0711920213200965
R:A:VAL:97,13.647931068931069,2.3832554579117384,0.07532750059122345,-4.57133966033966,0.9322878439042273,0.02946680049750961,9.03958041958042,0.8295501036114828,0.02621957109666992,-0.24383916083916085,0.42099272467664384,0.013306307392144907,0.0,0.0,0.0,17.872332667332667,2.722949770045376,0.08606421092294042
R:A:ALA:98,7.555009990009989,1.9738456629632675,0.062387294593308246,-2.9551638361638357,0.6162802526295063,0.01947875580865561,3.8290649350649355,1.0530607740227698,0.03328406772948304,-0.44267332667332665,0.4969694111132394,0.015707700777597,0.0,0.0,0.0,7.986237762237763,2.3731379311678586,0.07500771615550496
R:A:ARG:99,28.620545454545454,3.9522638109001362,0.12491911161429368,-2.6422877122877124,0.9558934244464501,0.03021290154024404,-202.6708971028971,7.748018663451476,0.2448914481720515,-66.14794405594407,6.928728335742181,0.21899615757698382,0.0,0.0,0.0,-242.84058341658343,11.16123608878335,0.3527729330423078
R:A:SER:102,11.985003996003993,2.060249945066828,0.06511827275581844,-3.0875114885114887,0.7323527371330675,0.02314745616389491,20.283287712287716,2.130094689386626,0.0673258539874391,-3.2116533466533466,2.249573501304973,0.07110221805514336,0.0,0.0,0.0,25.96912687312687,3.7919460295817484,0.11985195117752453
R:A:ALA:107,8.22002897102897,1.8295671614241655,0.057827087304614805,-3.217833166833166,0.6569732242044112,0.020764937627810315,-1.0711168831168831,1.4111252838631718,0.04460140447874305,-0.3508371628371628,0.4920001162024245,0.015550636387336308,0.0,0.0,0.0,3.5802417582417583,2.451992760304225,0.07750007893125002
R:A:HSD:108,24.686072927072924,2.849031828764819,0.09004928366082199,-5.310698301698301,1.1934072214005669,0.03771999467249337,-3.639127872127872,2.9720985434336606,0.093939050488462,-5.770211788211788,2.3060525637275107,0.07288735048561863,0.0,0.0,0.0,9.966034965034964,4.867489222993795,0.15384662022094384
R:A:VAL:109,14.298385614385616,2.395648996626553,0.07571922288510022,-4.36924975024975,1.2700116597679294,0.04014122939882188,7.245586413586414,1.0511793209583293,0.03322460068563194,-0.1421008991008991,0.5354734027420471,0.016924695557806117,0.0,0.0,0.0,17.032621378621382,2.9569872270334314,0.09346142745762256
R:A:THR:110,15.776274725274726,2.3392006770781566,0.07393506214394276,-1.983341658341658,1.0417747081832218,0.03292734930537165,-3.956075924075924,3.912883061679124,0.12367440517697878,-1.6284875124875124,1.999491115102673,0.06319786981082436,0.0,0.0,0.0,8.20836963036963,5.085840434382804,0.16074804195078723
R:A:HSD:163,23.604206793206796,2.9438924120388883,0.09304753994045824,-6.429730269730269,1.2000411586235018,0.037929673374129766,-10.004152847152847,4.444474675647496,0.1404764091260556,-2.745572427572428,3.0921553531914805,0.0977336833206204,0.0,0.0,0.0,4.424751248751249,6.278644852736395,0.1984489838412019
R:A:ASP:167,18.26783016983017,2.2566898568520335,0.07132714454168469,-3.4683516483516486,1.268065991524463,0.040079732707280276,-99.66144655344655,10.95457212094738,0.3462409097513639,-9.060137862137863,12.014503084880307,0.3797421234157492,0.0,0.0,0.0,-93.92210589410588,16.463644043726035,0.5203660196478164
R:A:LYS:186,20.157340659340658,2.5410294339599675,0.08031425903316836,-5.833851148851149,1.3735379762674675,0.043413383309741385,-31.41476923076923,10.461877505340786,0.3306683223372904,-13.026778221778224,9.205295171995392,0.29095155335066436,0.0,0.0,0.0,-30.11805794205794,14.231365967355947,0.44981045769186834

Backbone Energy Decomposition:
Residue,Internal,,,van der Waals,,,Electrostatic,,,Polar Solvation,,,Non-Polar Solv.,,,TOTAL,,
,Avg.,Std. Dev.,Std. Err. of Mean,Avg.,Std. Dev.,Std. Err. of Mean,Avg.,Std. Dev.,Std. Err. of Mean,Avg.,Std. Dev.,Std. Err. of Mean,Avg.,Std. Dev.,Std. Err. of Mean,Avg.,Std. Dev.,Std. Err. of Mean
R:A:GLN:19,4.410926073926074,0.9233949654764225,0.029185723493026384,-0.5621918081918081,0.6683879657056424,0.021125723100608968,6.863221778221778,1.1953589994757254,0.037781684477345125,-1.8991908091908092,0.5532655219852642,0.017487050662611754,0.0,0.0,0.0,8.812765234765234,1.741949083760075,0.05505774473366492
R:A:LYS:22,4.266399600399602,0.838343787389151,0.026497512858121602,-1.4991758241758242,0.5877177680486315,0.018575982013672727,3.9063826173826173,1.1251293722737796,0.035561938261296853,-0.08503696303696306,0.5639913044018735,0.01782606022142607,0.0,0.0,0.0,6.588569430569431,1.6224163388378976,0.051279676006745704
R:A:PHE:24,4.28101898101898,0.8187869103953275,0.025879379095572475,-0.4109560439560439,0.7795996706127539,0.024640788906639594,3.1427552447552447,0.8196510886516514,0.025906693157897627,-0.9646373626373627,0.3544106861089394,0.011201850426390898,0.0,0.0,0.0,6.048180819180819,1.440702083225497,0.04553623769775694
R:A:ASP:49,4.426845154845155,0.8567013585732309,0.02707774018945178,-1.4468211788211789,0.5185266002394219,0.01638905835983054,2.9255204795204794,1.352185813915682,0.042738506004063315,1.4775374625374624,0.6472677431433155,0.020458176710536093,0.0,0.0,0.0,7.383081918081918,1.8028225258204782,0.05698177022055616
R:A:VAL:51,3.7164135864135863,0.838634216703444,0.026506692450796607,-0.7194555444555444,0.7002615368929502,0.022133150334011847,-2.53436963036963,1.4229222324347899,0.044974270361648375,0.9272077922077921,0.629771363915836,0.01990516905362421,0.0,0.0,0.0,1.389796203796204,1.9013135511648505,0.060094773799433586
R:A:MET:53,4.339598401598401,0.9121657054960789,0.028830800530403856,-0.576977022977023,0.6916866574103399,0.02186212431489513,2.724486513486514,1.1429021868293336,0.03612368320328233,-1.199744255744256,0.6345866247764173,0.020057364893192393,0.0,0.0,0.0,5.2873636363636365,1.7376427421443819,0.05492163429299635
R:A:ARG:62,4.450704295704296,0.8320375088032228,0.026298190455509268,-0.44943456543456545,0.5092051885438678,0.01609443671418323,8.849887112887112,0.9309276223239648,0.02942380800522295,-2.717031968031968,0.6678518749319888,0.021108778891822923,0.0,0.0,0.0,10.134124875124874,1.5047354268945061,0.04756013812230972
R:A:PHE:64,3.9916113886113886,0.8695270797897453,0.027483122465746405,-1.5034215784215783,0.5747673169425005,0.018166657402618035,4.045364635364636,0.8931709017027164,0.028230432202608895,0.8925404595404596,0.38347520568872584,0.01212049203006873,0.0,0.0,0.0,7.426094905094906,1.4252165814848692,0.04504678779944657
R:A:PHE:66,4.498626373626373,0.8300947193066075,0.026236784752453356,-1.155913086913087,0.61139341469387,0.019324297634118,3.2977012987012984,0.9149479209169893,0.028918737949394258,-1.0984955044955045,0.4283743405645536,0.01353961795619494,0.0,0.0,0.0,5.541919080919081,1.443431129010381,0.04562249458528105
R:A:LYS:94,3.844196803196803,0.7795407766161837,0.024638927445440904,-0.6949640359640361,0.6857422476958961,0.021674239493403274,2.275908091908092,1.0756258924384312,0.033997282909649304,0.6776373626373627,0.535486020438025,0.016925094365033467,0.0,0.0,0.0,6.102778221778221,1.5879680699720973,0.050190870362877
R:A:ARG:95,4.159643356643357,0.8913763312509522,0.02817371125550375,-0.08245854145854146,0.6385512640443662,0.02018267515559376,5.083929070929072,1.1694502802624958,0.03696278818346546,-0.8557942057942057,0.7934345072462532,0.02507806627077182,0.0,0.0,0.0,8.30531968031968,1.7887011365854832,0.05653543579492138
R:A:ALA:96,3.363540459540459,0.968945385175004,0.030625434563606228,-0.5134085914085914,0.6814801000464757,0.021539525890412973,8.612752247752248,1.2594129670350018,0.03980623676072451,-0.9391088911088911,1.2728301059655278,0.040230311963139996,0.0,0.0,0.0,10.523775224775223,2.1469717712162435,0.06785928752570217
R:A:VAL:97,3.2033706293706294,0.8731382805944681,0.027597261606747737,0.0431978021978022,0.6998253020445767,0.022119362269165638,0.5057982017982019,1.6096658873715983,0.05087667277971959,0.16289610389610387,0.9696807827189475,0.030648678256909142,0.0,0.0,0.0,3.9152627372627373,2.1871056215380804,0.06912779721223625
R:A:ALA:98,3.086236763236763,0.9534636217544452,0.03013610282229253,0.7995904095904097,0.9154910159404429,0.02893590354134307,7.2403976023976035,1.5735989222753235,0.04973670504122385,-2.162298701298701,0.6635909784661106,0.020974104834962135,0.0,0.0,0.0,8.963926073926075,2.1595794111734903,0.06825777691263746
R:A:ARG:99,4.265590409590409,0.912009629611129,0.028825867443488307,0.825938061938062,0.7820417986176027,0.02471797719047144,5.042501498501498,2.1747591877545958,0.06873756376284351,-2.2469120879120874,1.471694588324097,0.04651581709550388,0.0,0.0,0.0,7.887117882117881,2.8877003697257004,0.09127147934799554
R:A:SER:102,3.844771228771229,0.8840034765004738,0.02794067760452355,0.41641258741258735,0.7146456284251458,0.02258778798512839,0.3267932067932067,2.099169336735252,0.06634839707555129,-2.380238761238761,1.6186356447902284,0.05116017969670239,0.0,0.0,0.0,2.2077382617382617,2.8842111184112533,0.09116119466173607
R:A:ALA:107,3.340281718281718,0.9002071759299904,0.028452827560712643,-0.5127962037962037,0.6582996900680045,0.0208068632039345,7.125900099900099,1.5400548130449148,0.048676477150211395,-0.9740129870129869,0.7228553651680374,0.022847272946046437,0.0,0.0,0.0,8.979372627372626,2.034212414590596,0.06429530512730373
R:A:HSD:108,0.0,0.0,0.0,0.0,0.0,0.0,0.0,0.0,0.0,0.0,0.0,0.0,0.0,0.0,0.0,0.0,0.0,0.0
R:A:VAL:109,3.6804305694305692,0.9099385875933518,0.028760408065937878,0.8272097902097902,0.9327755901836269,0.029482216682974696,-4.458819180819181,1.9564934882340463,0.06183884480466506,0.11867432567432568,1.0091546891550007,0.03189632911218301,0.0,0.0,0.0,0.16749550449550452,2.55818656297377,0.08085654401635825
R:A:THR:110,4.591574425574426,0.8036458163315401,0.025400814882803994,-0.07376223776223777,0.7160061986715278,0.022630791497697093,-4.881776223776224,1.9169740604206933,0.06058975515626304,-1.270051948051948,1.4183969371890486,0.04483123945861722,0.0,0.0,0.0,-1.6340159840159838,2.616323927650457,0.08269409036814238
R:A:HSD:163,0.0,0.0,0.0,0.0,0.0,0.0,0.0,0.0,0.0,0.0,0.0,0.0,0.0,0.0,0.0,0.0,0.0,0.0
R:A:ASP:167,4.141977022977023,0.8493175355515351,0.0268443598645748,-0.6868461538461539,0.6035332864720988,0.0190758627417077,5.2849460539460535,0.8745195358985669,0.027640918911461226,1.3523136863136864,0.5283124695074501,0.016698360105317334,0.0,0.0,0.0,10.092390609390609,1.4592776254642057,0.046123354435210956
R:A:LYS:186,3.957308691308692,0.8987528341860337,0.02840686021457102,-0.17926273726273728,0.6472336429077126,0.020457098905171583,3.5618761238761234,1.3744688632280389,0.04344280583255152,0.1528131868131868,1.166487399508765,0.0368691404794447,0.0,0.0,0.0,7.4927352647352645,2.1157801290930762,0.06687341400858753

Ligand:
Total Energy Decomposition:
Residue,Internal,,,van der Waals,,,Electrostatic,,,Polar Solvation,,,Non-Polar Solv.,,,TOTAL,,
,Avg.,Std. Dev.,Std. Err. of Mean,Avg.,Std. Dev.,Std. Err. of Mean,Avg.,Std. Dev.,Std. Err. of Mean,Avg.,Std. Dev.,Std. Err. of Mean,Avg.,Std. Dev.,Std. Err. of Mean,Avg.,Std. Dev.,Std. Err. of Mean
L:B:LIG:194,109.81553046953047,5.998070962905044,0.18958089134109207,13.910939060939059,2.6093519750223737,0.08247372802134885,64.30963636363636,3.794802781632384,0.11994224447406095,-33.71881018981019,2.438276392489148,0.07706654600834423,0.0,0.0,0.0,154.3172957042957,7.945520305382938,0.25113387803829657

Sidechain Energy Decomposition:
Residue,Internal,,,van der Waals,,,Electrostatic,,,Polar Solvation,,,Non-Polar Solv.,,,TOTAL,,
,Avg.,Std. Dev.,Std. Err. of Mean,Avg.,Std. Dev.,Std. Err. of Mean,Avg.,Std. Dev.,Std. Err. of Mean,Avg.,Std. Dev.,Std. Err. of Mean,Avg.,Std. Dev.,Std. Err. of Mean,Avg.,Std. Dev.,Std. Err. of Mean
L:B:LIG:194,109.81553046953047,5.998070962905044,0.18958089134109207,13.910939060939059,2.6093519750223737,0.08247372802134885,64.30963636363636,3.794802781632384,0.11994224447406095,-33.71881018981019,2.438276392489148,0.07706654600834423,0.0,0.0,0.0,154.3172957042957,7.945520305382938,0.25113387803829657

Backbone Energy Decomposition:
Residue,Internal,,,van der Waals,,,Electrostatic,,,Polar Solvation,,,Non-Polar Solv.,,,TOTAL,,
,Avg.,Std. Dev.,Std. Err. of Mean,Avg.,Std. Dev.,Std. Err. of Mean,Avg.,Std. Dev.,Std. Err. of Mean,Avg.,Std. Dev.,Std. Err. of Mean,Avg.,Std. Dev.,Std. Err. of Mean,Avg.,Std. Dev.,Std. Err. of Mean
L:B:LIG:194,0.0,0.0,0.0,0.0,0.0,0.0,0.0,0.0,0.0,0.0,0.0,0.0,0.0,0.0,0.0,0.0,0.0,0.0

DELTAS:
Total Energy Decomposition:
Residue,Internal,,,van der Waals,,,Electrostatic,,,Polar Solvation,,,Non-Polar Solv.,,,TOTAL,,
,Avg.,Std. Dev.,Std. Err. of Mean,Avg.,Std. Dev.,Std. Err. of Mean,Avg.,Std. Dev.,Std. Err. of Mean,Avg.,Std. Dev.,Std. Err. of Mean,Avg.,Std. Dev.,Std. Err. of Mean,Avg.,Std. Dev.,Std. Err. of Mean
R:A:GLN:19,0.0,4.084242720790812,0.1290905659918827,-0.42629970029970027,2.4090151788057366,0.07614168749864487,-0.11087412587412585,6.769278411549465,0.2139564274804789,0.11867932067932069,4.7700634512516435,0.15076728608823708,0.0,0.0,0.0,-0.41849450549450545,9.542590228867923,0.30161243047637754
R:A:LYS:22,0.0,4.114679073066023,0.13005256708009783,-0.737988011988012,2.0172498550817566,0.06375916989799417,0.27263936063936073,20.339312878358506,0.6428641956041496,1.5546673326673328,16.985288559202747,0.5368536258830333,0.0,0.0,0.0,1.0893186813186813,26.892146746872008,0.8499794653776849
R:A:PHE:24,0.0,4.217078082537719,0.1332890902236464,-2.5003486513486517,2.6142303204589714,0.08262791777366416,-0.3567512487512487,1.8370886930762698,0.05806482018301435,0.7905334665334665,0.7979614185026348,0.025221148251014215,0.0,0.0,0.0,-2.0665664335664333,5.350662109895787,0.16911825457425994
R:A:ASP:49,0.0,3.4019820122644457,0.10752636742715141,-0.024851148851148853,1.7463180514138525,0.055195834594082706,-0.5865654345654349,14.06598905669515,0.44458339347001974,0.48736063936063945,13.98244302100366,0.4419427558362935,0.0,0.0,0.0,-0.1240559440559444,20.19861057912515,0.6384170212597031
R:A:VAL:51,0.0,3.4986428932374767,0.11058152567486361,-0.17276923076923079,1.7262654635190013,0.05456203290845539,0.011949050949050938,2.678475526015112,0.08465851451202382,-0.06835064935064934,0.9966530301843195,0.03150118946385911,0.0,0.0,0.0,-0.2291708291708292,4.8361185832211655,0.1528550891292285
R:A:MET:53,0.0,3.9547173927214767,0.12499666191864066,-1.5776413586413587,1.9426167449013303,0.061400242896451934,-0.13740059940059943,2.5293846408217333,0.07994620232355587,0.4261528471528471,1.3925072251516073,0.04401294392410672,0.0,0.0,0.0,-1.2888891108891107,5.267866029730551,0.1665013207676496
R:A:ARG:62,0.0,5.7398796287636955,0.1814202437652662,-0.5885144855144856,2.0519093834353948,0.06485465281564912,-4.2149750249750255,10.104209038240686,0.3193635033018387,5.114368631368632,9.020905533932892,0.2851235542899431,0.0,0.0,0.0,0.3108791208791208,14.853562778375176,0.4694762180258342
R:A:PHE:64,0.0,4.318153403991383,0.13648377559037178,-1.929094905094905,2.3815211556309026,0.0752726845388144,-0.12420979020979021,1.927977475175291,0.06093753983401584,0.627987012987013,0.7476134740552204,0.023629801925743384,0.0,0.0,0.0,-1.4253176823176823,5.347346527623969,0.16901345904144724
R:A:PHE:66,0.0,4.390460011626742,0.13876916887933727,-1.6949390609390609,2.472377890935847,0.0781443912875306,0.011039960039960038,2.1169107586345706,0.0669091497905712,0.4426663336663336,0.8631302840080224,0.027280939088202866,0.0,0.0,0.0,-1.2412327672327672,5.5330910526103265,0.17488428198209255
R:A:LYS:94,0.0,4.142351830537021,0.13092721929072734,-0.5876003996003996,2.3535742991685233,0.07438936888765156,0.303785214785215,36.42516480147734,1.1512893483617106,0.322081918081918,28.202480709562046,0.8913951608800549,0.0,0.0,0.0,0.03826673326673337,46.31275137214008,1.4638060702996885
R:A:ARG:95,0.0,5.6285691730422585,0.17790205674451232,-0.13635364635364636,2.3256430099830077,0.07350654527105147,0.08474225774225802,30.78166055835555,0.9729152391997745,0.11434065934065922,19.60947948829022,0.6197963683851426,0.0,0.0,0.0,0.0627292707292709,37.00177994201226,1.1695144098822292
R:A:ALA:96,0.0,3.576943982591083,0.11305638640999663,-0.33643956043956047,1.2987959313543156,0.041051013210600625,-0.09020879120879124,2.6022998911310196,0.08225083296755516,0.21841558441558442,2.157806163211278,0.06820172990497049,0.0,0.0,0.0,-0.20823276723276735,5.090136666855829,0.16088383287201538
R:A:VAL:97,0.0,3.7618013379770443,0.11889916860143206,-0.5809050949050949,1.753613357613414,0.05542641716979289,-0.24930269730269736,2.7637622875377663,0.08735417122716695,0.904961038961039,1.362017076402004,0.043049242491959495,0.0,0.0,0.0,0.07475324675324656,5.169118069151905,0.16338019624271605
R:A:ALA:98,0.0,3.4972764209710787,0.11053833561728364,-0.5003586413586414,1.4325371329849015,0.04527816830278965,-0.03693406593406594,3.0302432579100937,0.09577682914519811,0.29141958041958044,1.3950157810777835,0.04409223179372424,0.0,0.0,0.0,-0.24587312687312698,5.040986831328417,0.1593303551478969
R:A:ARG:99,0.0,5.877946532576229,0.1857841212270973,-2.259367632367632,2.0263340675086017,0.06404629439179627,1.5334225774225776,11.672937301740381,0.3689462615428642,0.2018271728271727,10.033440458077628,0.31712672241191103,0.0,0.0,0.0,-0.5241178821178817,16.6007131735092,0.524698360488788
R:A:SER:102,0.0,3.4509677349471697,0.10907465804035224,-1.2349720279720278,1.783879902884905,0.05638305117193642,-1.6982117882117882,4.400387453081353,0.139082945293678,2.5622747252747256,3.3466177161343027,0.1057764693893094,0.0,0.0,0.0,-0.3709090909090911,6.756823639162327,0.2135627697753256
R:A:ALA:107,0.0,3.1836511716329627,0.10062558955537389,-0.08013986013986014,1.3880247339723812,0.043871265928224074,0.08662637362637365,3.285673001664225,0.10385019119700041,-0.11307092907092907,1.248629673630335,0.03946540945342985,0.0,0.0,0.0,-0.10658441558441552,4.941353112305822,0.15618123447614293
R:A:HSD:108,0.0,4.029139451871829,0.1273489182351164,-1.3946943056943057,1.7863782321792894,0.056462015808637474,-1.9347232767232767,4.148036849733473,0.13110690556206692,2.0075204795204797,3.153733310050861,0.09967997639060278,0.0,0.0,0.0,-1.3218971028971027,6.824760465298777,0.2157100474806889
R:A:VAL:109,0.0,3.832754423230888,0.12114178113953203,-0.054148851148851145,2.2006585857932026,0.06955616544257068,-0.05149550449550451,3.2184652753872496,0.10172595813417148,-0.03555544455544456,1.759594612080032,0.05561546654252157,0.0,0.0,0.0,-0.14119980019980014,5.743482968352556,0.1815341344369981
R:A:THR:110,0.0,3.6677799902649517,0.11592743802095286,-0.029877122877122887,1.995892150264525,0.06308411741173789,-0.0012567432567432478,5.961773389257959,0.18843363476342057,0.026398601398601403,3.6268768235876925,0.11463461257001949,0.0,0.0,0.0,-0.004735264735264696,8.132230504038692,0.2570352230044599
R:A:HSD:163,0.0,4.1632925752726395,0.13158909292924828,-0.004998001998002011,1.6972542829999209,0.0536450771912458,0.0015944055944055752,6.283997973417531,0.19861817980378096,-0.0052017982017981985,4.371148141152634,0.13815877903223686,0.0,0.0,0.0,-0.008605394605394617,8.877457055390334,0.2805895815190624
R:A:ASP:167,0.0,3.6506449749168297,0.11538585198388689,-0.016373626373626382,1.993615803124337,0.0630121689598927,-0.32099000999001004,15.53102084613254,0.4908886196339424,0.059707292707292706,16.887314406426412,0.5337569590835579,0.0,0.0,0.0,-0.2776563436563438,23.317283484313805,0.73698884423804
R:A:LYS:186,0.0,4.010928693209466,0.12677333120379256,-0.019287712287712287,2.2389035648093008,0.07076497361707111,0.43658741258741257,15.049355102743773,0.475664621531078,0.08513286713286718,12.713954445612746,0.4018496665304396,0.0,0.0,0.0,0.5024325674325675,20.229383698178324,0.6393896665277446
L:B:LIG:194,0.0,8.482553303816562,0.2681078677013524,-20.018106893106893,4.949127206990738,0.1564269501085273,-7.301558441558442,6.873919660285707,0.21726382102902966,16.634167832167837,4.309286632914488,0.1362035237603299,0.0,0.0,0.0,-10.685497502497503,12.738457263096779,0.40262412652061297

Sidechain Energy Decomposition:
Residue,Internal,,,van der Waals,,,Electrostatic,,,Polar Solvation,,,Non-Polar Solv.,,,TOTAL,,
,Avg.,Std. Dev.,Std. Err. of Mean,Avg.,Std. Dev.,Std. Err. of Mean,Avg.,Std. Dev.,Std. Err. of Mean,Avg.,Std. Dev.,Std. Err. of Mean,Avg.,Std. Dev.,Std. Err. of Mean,Avg.,Std. Dev.,Std. Err. of Mean
R:A:GLN:19,0.0,3.650411507733373,0.11537847279197463,-0.38001498501498504,2.1156390322132546,0.06686895436274347,-0.07477722277722282,6.580924932234193,0.2080031433802037,0.1378071928071928,4.474167991288017,0.14141492507240178,0.0,0.0,0.0,-0.3169850149850151,9.00711856635541,0.2846877899219664
R:A:LYS:22,0.0,3.8881040514719687,0.1228912155697409,-0.7097152847152848,1.7699423553572258,0.05594252742692782,0.2849810189810191,19.912378195244177,0.6293700808679612,1.523340659340659,16.9465518158119,0.5356292745232204,0.0,0.0,0.0,1.0986063936063934,26.494121478033456,0.8373990898353881
R:A:PHE:24,0.0,3.956077834075266,0.12503966135730413,-2.3965274725274726,2.281027113395896,0.0720963716510198,-0.3438871128871129,1.2909095998065316,0.04080175011026609,0.6989700299700301,0.6039808687247794,0.019090009463701558,0.0,0.0,0.0,-2.041444555444556,4.783814064736114,0.15120190141322987
R:A:ASP:49,0.0,2.9089398823349177,0.0919427961358442,-0.020280719280719277,1.4469354101278176,0.045733254318178845,-0.6050649350649351,14.025651719699061,0.44330845218484016,0.5326113886113886,14.307125794658587,0.4522049968156478,0.0,0.0,0.0,-0.09273426573426582,20.29700243845388,0.6415268905005989
R:A:VAL:51,0.0,3.1557465660552135,0.09974360932695239,-0.1521888111888112,1.1932541092015472,0.03771515525873104,0.006774225774225789,1.182708080185354,0.0373818271615205,0.021348651348651347,0.48097055290298973,0.015202025233126639,0.0,0.0,0.0,-0.12406593406593396,3.607315183622188,0.1140163282643337
R:A:MET:53,0.0,3.5759723640175434,0.1130256764840297,-1.5323046953046953,1.7728388948148437,0.056034078283124074,-0.17213786213786214,1.604188613810587,0.05070355271991413,0.40765534465534464,1.0324354692679811,0.032632164195200625,0.0,0.0,0.0,-1.2967872127872129,4.4237857319345455,0.13982249415668233
R:A:ARG:62,0.0,5.511836954844347,0.17421250420152865,-0.5544815184815185,1.9084733792099524,0.06032107432022335,-4.304933066933068,10.232895990148208,0.32343090883896497,5.132748251748252,9.191881367078018,0.2905275835263261,0.0,0.0,0.0,0.27333366633366607,14.940731597467648,0.47223136089141604
R:A:PHE:64,0.0,4.020169457383281,0.12706540382507014,-1.8709070929070928,2.1611059456635453,0.06830602605324906,-0.1894805194805195,1.293428531767817,0.0408813659349873,0.6667272727272727,0.5484519981219121,0.01733490972427515,0.0,0.0,0.0,-1.3936603396603398,4.775552149803694,0.15094076725747227
R:A:PHE:66,0.0,4.165349555212487,0.13165410784702414,-1.6674565434565434,2.2671417814507637,0.07165749828273105,0.03414285714285715,1.3529615516593598,0.0427630247291339,0.3544065934065934,0.6781703030280976,0.02143491321197305,0.0,0.0,0.0,-1.2789070929070931,4.978000471523314,0.15733954671831496
R:A:LYS:94,0.0,3.8441835285374757,0.12150302060879711,-0.5227882117882117,2.1269246211709927,0.06722565771406243,0.2806743256743256,36.17136012415701,1.143267349747406,0.38937962037962043,27.792713383041267,0.8784436543899348,0.0,0.0,0.0,0.14726573426573422,45.82688911292756,1.4484494330174422
R:A:ARG:95,0.0,5.253013253602043,0.16603186941324807,-0.05831468531468534,2.0607677044071253,0.06513463756341088,0.1679490509490514,30.520595321532078,0.9646637562477962,-0.03799100899100899,19.568842036457134,0.6185119413771941,0.0,0.0,0.0,0.07164335664335619,36.69178694479984,1.1597164683299397
R:A:ALA:96,0.0,2.7451387870635173,0.08676553867486227,-0.24645854145854149,0.7903225742666329,0.024979707476466325,-0.05716683316683316,1.3338532601408237,0.042159069397412555,0.09393306693306692,0.5167119901349502,0.016331704019881935,0.0,0.0,0.0,-0.20969230769230762,3.1947695585086446,0.10097700815432056
R:A:VAL:97,0.0,3.3704321911784816,0.10652917295577553,-0.4277862137862138,1.2958458512435649,0.04095777009620891,-0.02664235764235765,1.172967398276118,0.03707395365184654,0.07378521478521478,0.5641601877785545,0.017831398114438984,0.0,0.0,0.0,-0.3806433566433565,3.838379718111578,0.12131957970579327
R:A:ALA:98,0.0,2.791439306593966,0.08822895813362219,-0.2456953046953047,0.8889740566497618,0.028097782617287178,-0.03826373626373627,1.491549574129434,0.047143373176420506,0.10641258741258741,0.693305758125969,0.02191329919407517,0.0,0.0,0.0,-0.17754645354645357,3.3597323229880165,0.10619098246731254
R:A:ARG:99,0.0,5.589345083451346,0.17666230184453255,-2.067797202797203,1.6034318293241496,0.050679633050010386,1.6488441558441558,11.048409170979594,0.3492068152393026,-0.10665234765234761,9.7993842610604,0.3097289135615567,0.0,0.0,0.0,-0.5256053946053947,15.871579921308898,0.5016526625113148
R:A:SER:102,0.0,2.9136334141919322,0.09209114448958886,-0.920044955044955,1.158320733759249,0.036611016862426314,-1.2299340659340658,2.8067690107432037,0.08871348374103517,2.0656743256743253,2.5953605566186515,0.08203150158079685,0.0,0.0,0.0,-0.08430469530469524,4.944169828502311,0.15627026236035566
R:A:ALA:107,0.0,2.5873986929585007,0.08177985113871929,-0.04457342657342657,0.9348763762212242,0.029548616179077312,0.043105894105894105,1.9961784874229425,0.063093167663736,-0.03902297702297702,0.6948408688642881,0.02196181940396893,0.0,0.0,0.0,-0.0404905094905095,3.469316679381418,0.10965461270619836
R:A:HSD:108,0.0,4.029139451871829,0.1273489182351164,-1.3946943056943057,1.7863782321792894,0.056462015808637474,-1.9347232767232767,4.148036849733473,0.13110690556206692,2.0075204795204797,3.153733310050861,0.09967997639060278,0.0,0.0,0.0,-1.3218971028971027,6.824760465298777,0.2157100474806889
R:A:VAL:109,0.0,3.3879593017147682,0.10708315193645998,-0.04075524475524476,1.7924779912702622,0.056654810754309885,-0.03569830169830169,1.484000720385826,0.04690477672930152,0.0023616383616383626,0.7516260852207428,0.02375662843481098,0.0,0.0,0.0,-0.07409190809190803,4.1783304667479095,0.13206439522016877
R:A:THR:110,0.0,3.308129322636256,0.10455996761886145,-0.02717582417582417,1.4711518484968056,0.04649866273023202,-0.022847152847152864,5.534731676475031,0.17493613714295173,0.02004195804195804,2.824655602034789,0.08927882482170658,0.0,0.0,0.0,-0.029981018981018955,7.191657762804346,0.2273065619470758
R:A:HSD:163,0.0,4.1632925752726395,0.13158909292924828,-0.004998001998002011,1.6972542829999209,0.0536450771912458,0.0015944055944055752,6.283997973417531,0.19861817980378096,-0.0052017982017981985,4.371148141152634,0.13815877903223686,0.0,0.0,0.0,-0.008605394605394617,8.877457055390334,0.2805895815190624
R:A:ASP:167,0.0,3.191441401629944,0.10087181517619657,-0.01381618381618381,1.7929644888746712,0.05667018747293318,-0.30729870129870124,15.49418101701547,0.48972422400006926,0.058693306693306704,16.900162863101304,0.534163059958964,0.0,0.0,0.0,-0.2624215784215783,23.21820772725135,0.7338573590571617
R:A:LYS:186,0.0,3.593558287895415,0.11358151437665255,-0.0185004995004995,1.943443111571071,0.06142636184882728,0.4409400599400599,14.830932901767973,0.4687609560349933,0.07406893106893107,12.871995758481374,0.40684487468113467,0.0,0.0,0.0,0.49650849150849147,20.05830196800121,0.6339822902063006
L:B:LIG:194,0.0,8.482553303816562,0.2681078677013524,-20.018106893106893,4.949127206990738,0.1564269501085273,-7.301558441558442,6.873919660285707,0.21726382102902966,16.634167832167837,4.309286632914488,0.1362035237603299,0.0,0.0,0.0,-10.685497502497503,12.738457263096779,0.40262412652061297

Backbone Energy Decomposition:
Residue,Internal,,,van der Waals,,,Electrostatic,,,Polar Solvation,,,Non-Polar Solv.,,,TOTAL,,
,Avg.,Std. Dev.,Std. Err. of Mean,Avg.,Std. Dev.,Std. Err. of Mean,Avg.,Std. Dev.,Std. Err. of Mean,Avg.,Std. Dev.,Std. Err. of Mean,Avg.,Std. Dev.,Std. Err. of Mean,Avg.,Std. Dev.,Std. Err. of Mean
R:A:GLN:19,0.0,1.3058776836037926,0.04127484599150897,-0.0463036963036963,0.9488329870768786,0.029989742458255947,-0.03613186813186813,1.6948773464336213,0.05356994941171682,-0.019107892107892106,0.7770071544880591,0.024558847308953368,0.0,0.0,0.0,-0.10154345654345649,2.4661609638219364,0.07794789301484478
R:A:LYS:22,0.0,1.1855971540569639,0.037473142053111044,-0.028297702297702294,0.8318158335968211,0.026291183972345304,-0.012325674325674336,1.5953674557583577,0.05042474257969659,0.03130969030969031,0.7888103576889852,0.024931910881783762,0.0,0.0,0.0,-0.009313686313686325,2.294553832887925,0.07252391036372915
R:A:PHE:24,0.0,1.1579395533746362,0.036598968902753354,-0.10382717282717284,1.1071159308489948,0.034992587831375085,-0.012868131868131866,1.163179806399984,0.036764597459924865,0.09153446553446554,0.4830879607136254,0.015268950093228408,0.0,0.0,0.0,-0.025160839160839197,2.0378643069184568,0.0644107304043435
R:A:ASP:49,0.0,1.2115586801977192,0.03829370741433773,-0.004569430569430564,0.7330887123687929,0.023170718116288718,0.018518481518481508,1.9124935826316078,0.060448140797556386,-0.045257742257742255,0.9157890439126939,0.028945323304625854,0.0,0.0,0.0,-0.03130869130869134,2.5498224981991555,0.08059218121288152
R:A:VAL:51,0.0,1.1860078831321477,0.0374861239575691,-0.020587412587412583,0.9899800376520861,0.03129027634195757,0.005170829170829178,2.020837315871346,0.06387255868888174,-0.08971928071928072,0.8891780616231099,0.028104230597800334,0.0,0.0,0.0,-0.10513586413586412,2.6946421388175392,0.0851694922720412
R:A:MET:53,0.0,1.2899971118441773,0.04077290912417056,-0.045331668331668344,0.9813160657326716,0.031016434380234385,0.034715284715284705,1.6051187156137336,0.05073295042627156,0.018503496503496503,0.8733525352660504,0.027604033549237877,0.0,0.0,0.0,0.007887112887112923,2.4425856200961484,0.07720274766647384
R:A:ARG:62,0.0,1.176678729352641,0.037191257608051885,-0.03406293706293707,0.7187399287104269,0.022717196440330416,0.08998301698301699,1.3170520101208136,0.04162803267341632,-0.018424575424575422,0.9262650346538194,0.029276437703682864,0.0,0.0,0.0,0.03749550449550448,2.1198473598396492,0.06700196687750053
R:A:PHE:64,0.0,1.2296969890893301,0.038867004527419265,-0.0581968031968032,0.8152518523333457,0.0257676465964944,0.06529770229770229,1.2797855869752528,0.040450153691869904,-0.03874825174825176,0.5264019228747205,0.016637973501720672,0.0,0.0,0.0,-0.031647352647352654,2.0228050822420114,0.06393475383542283
R:A:PHE:66,0.0,1.1739312100976917,0.03710441682998316,-0.027492507492507496,0.8619334252352064,0.02724311000042396,-0.023122877122877108,1.2954669070551137,0.040945792815936743,0.08827372627372627,0.6084444037071937,0.019231088311506384,0.0,0.0,0.0,0.03765834165834167,2.041931148510319,0.06453927097325249
R:A:LYS:94,0.0,1.1024371387134624,0.034844705355669206,-0.06481318681318682,0.9705955811993635,0.030677592271496048,0.023083916083916082,1.524265216106268,0.04817741572195256,-0.06735664335664336,0.7471533519627483,0.023615258857320878,0.0,0.0,0.0,-0.10908591408591407,2.244781950978561,0.07095077163388479
R:A:ARG:95,0.0,1.260596496833469,0.03984364455991692,-0.07804195804195804,0.9109932261664188,0.02879374200312556,-0.08322277722277721,1.6651141829832612,0.05262922578724723,0.15233566433566434,1.1018182285327907,0.03482514347578525,0.0,0.0,0.0,-0.00892907092907091,2.5309327997892526,0.07999513494853065
R:A:ALA:96,0.0,1.370295704913313,0.043310904913421676,-0.08999400599400599,0.9740006864997881,0.030785217356620435,-0.033047952047952044,1.7818819477600691,0.056319901850134725,0.12445954045954047,1.7958491119857278,0.05676136168943701,0.0,0.0,0.0,0.0014175824175824642,3.0375261258101265,0.09600701858386039
R:A:VAL:97,0.0,1.2348039982438217,0.03902842164862096,-0.15316883116883118,1.0267155303270667,0.03245137421629882,-0.22267232767232767,2.3897507775075675,0.07553279800869951,0.8311978021978021,1.2704297841797874,0.04015444504751656,0.0,0.0,0.0,0.4553566433566434,3.1470281710564403,0.09946804721620826
R:A:ALA:98,0.0,1.3484011851145072,0.042618885328356206,-0.2546683316683317,1.3014727943969688,0.041135620759388015,0.0013236763236763088,2.254068018574118,0.07124427615937422,0.18499800199800198,0.9459762487053823,0.029899449594075787,0.0,0.0,0.0,-0.06834665334665334,3.0802127988252725,0.09735621527870537
R:A:ARG:99,0.0,1.2897763872109216,0.04076593268575022,-0.1915994005994006,1.1143040280312908,0.035219781854135705,-0.11542257742257742,3.080608906981737,0.09736873506012084,0.3084885114885115,2.06644081914008,0.06531394757064575,0.0,0.0,0.0,0.0014665334665334771,4.082343137547008,0.12903052590786837
R:A:SER:102,0.0,1.2501697056519359,0.03951408521021141,-0.3149480519480519,1.0539016106769268,0.03331064403432391,-0.4682637362637363,3.411409537499402,0.10782434300100457,0.4965894105894106,2.5011901921846453,0.07905506103220626,0.0,0.0,0.0,-0.28662237762237763,4.535118555003807,0.14334138814168584
R:A:ALA:107,0.0,1.2730851971457753,0.04023837462422281,-0.035562437562437564,0.930164795145032,0.029399697344076114,0.04351548451548453,2.175355724151862,0.0687564184750686,-0.07403296703296704,1.0136271458117903,0.03203768994714517,0.0,0.0,0.0,-0.06607992007992006,2.871509182058405,0.09075972485078797
R:A:HSD:108,0.0,0.0,0.0,0.0,0.0,0.0,0.0,0.0,0.0,0.0,0.0,0.0,0.0,0.0,0.0,0.0,0.0,0.0
R:A:VAL:109,0.0,1.2868474915011365,0.0406733591462339,-0.013387612387612387,1.320994489712148,0.04175264253542722,-0.015800199800199782,2.767109451673028,0.08745996496721307,-0.0379060939060939,1.4455097950178155,0.0456881949340977,0.0,0.0,0.0,-0.06709390609390609,3.6259338374084105,0.1146048076274811
R:A:THR:110,0.0,1.1365268128004613,0.03592217690258977,-0.0026893106893106904,1.0125631393653858,0.03200405991979979,0.021602397602397606,2.7124172747120263,0.08573131058453308,0.006332667332667324,2.0004250870471747,0.06322738984065082,0.0,0.0,0.0,0.02524575424575424,3.6980921173572425,0.11688551272666085
R:A:HSD:163,0.0,0.0,0.0,0.0,0.0,0.0,0.0,0.0,0.0,0.0,0.0,0.0,0.0,0.0,0.0,0.0,0.0,0.0
R:A:ASP:167,0.0,1.2011163775382743,0.03796365779370566,-0.0025944055944055948,0.853705288902838,0.026983043484103367,-0.013658341658341644,1.2366202257132668,0.03908582710858718,0.0010159840159840164,0.7442551330076806,0.023523654917287255,0.0,0.0,0.0,-0.015236763236763172,2.0626775216554707,0.06519500111337204
R:A:LYS:186,0.0,1.2710284473271463,0.040173366979883024,-0.0008001998001998013,0.9154146431896852,0.028933489629561705,-0.004332667332667329,1.9438681112064256,0.06143979480255331,0.011056943056943058,1.651426950915059,0.05219661375722459,0.0,0.0,0.0,0.005924075924075918,2.993214240720968,0.09460645384827113
L:B:LIG:194,0.0,0.0,0.0,0.0,0.0,0.0,0.0,0.0,0.0,0.0,0.0,0.0,0.0,0.0,0.0,0.0,0.0,0.0

