| Run on Tue Dec 16 15:46:29 2025
idecomp = 2: Per-residue decomp adding 1-4 interactions to EEL and VDW.
Energy Decomposition Analysis (All units kcal/mol): Poisson Boltzmann model

Complex:
Total Energy Decomposition:
Residue,Internal,,,van der Waals,,,Electrostatic,,,Polar Solvation,,,Non-Polar Solv.,,,TOTAL,,
,Avg.,Std. Dev.,Std. Err. of Mean,Avg.,Std. Dev.,Std. Err. of Mean,Avg.,Std. Dev.,Std. Err. of Mean,Avg.,Std. Dev.,Std. Err. of Mean,Avg.,Std. Dev.,Std. Err. of Mean,Avg.,Std. Dev.,Std. Err. of Mean
R:A:GLN:19,24.047385322935412,2.8508792767085853,0.04031349023062105,-5.252499900019996,1.6525897800282376,0.023368812035179896,-42.82178904219156,4.9029586797080915,0.06933137381522136,-5.874490101979604,3.2995773962362605,0.046658405431295805,0.0,0.0,0.0,-29.901393721255747,6.766445184888326,0.09568241773182304
R:A:LYS:22,25.501783443311336,2.880953357422555,0.04073875943404283,-8.151968006398722,1.4331088848936122,0.020265193795675564,2.010633073385323,15.605690310637451,0.22067572240600652,-40.167051389722054,14.045372319979176,0.19861170005789555,0.0,0.0,0.0,-20.806602879424116,21.24061550431075,0.30035763093202983
R:A:PHE:24,28.67789522095581,3.0170444051804393,0.042663185055669475,0.5520801839632073,1.8917632636564496,0.02675089768659386,2.2228902219556086,1.3693251089115366,0.0193632451754961,-1.2491651669666068,0.5220558129740968,0.007382245922552081,0.0,0.0,0.0,30.20370045990802,3.8508335090349375,0.054453564664953956
R:A:ASP:49,24.884586482703458,2.418833495028939,0.03420405110381518,-3.5564431113777246,1.2303088272669376,0.017397454635797404,-73.4133923215357,10.300192628121948,0.1456521566099813,-38.20891881623675,10.794500638593735,0.15264202858171863,0.0,0.0,0.0,-90.29416776644672,15.165079211799165,0.21444516351365392
R:A:VAL:51,18.275952609478104,2.4980885393203405,0.03532477462230019,-4.227701059788043,1.2861872823472569,0.018187616313770454,4.009241151769646,1.8816589453343775,0.026608015334018683,0.4565274945010998,0.8210115597831992,0.011609695915556014,0.0,0.0,0.0,18.514020195960807,3.4798598310003777,0.049207729154679386
R:A:MET:53,21.807030593881223,2.721931262780889,0.03849007226192551,-7.599732453509299,1.2602792373332778,0.017821257861450657,7.793703859228153,1.874949544634233,0.02651313956646571,-2.5959048190361926,1.0215649097173507,0.014445665007387603,0.0,0.0,0.0,19.40509718056389,3.681880526992592,0.052064447578641565
R:A:ARG:62,31.62727714457108,3.9858652460442765,0.056363010868173954,-6.716141571685663,1.4105652299343938,0.019946410246548855,-206.66440591881627,9.125269867174733,0.12903790091976342,-54.39963527294541,7.54048153278014,0.10662785025287604,0.0,0.0,0.0,-236.1529056188762,12.57005282099041,0.17774961771879558
R:A:PHE:64,29.50631533693261,3.0292303488908536,0.04283550309338304,0.6342093581283742,1.7367394209832194,0.024558748682537865,3.3057856428714256,1.333012727866955,0.018849761903703053,-0.702995600879824,0.4935168838020887,0.006978684869733169,0.0,0.0,0.0,32.743314737052586,3.770010897900901,0.05331067462012295
R:A:PHE:66,29.63365566886623,3.1032205162859148,0.04388177745330141,1.471506098780244,1.7615647759650546,0.024909797116509914,0.5998486302739452,1.6189333863444595,0.02289288634128822,-1.61550349930014,0.5752073901901875,0.008133847579749156,0.0,0.0,0.0,30.08950689862028,3.9604162513262136,0.05600314371829933
R:A:LYS:94,24.11514577084583,2.9602733117282574,0.04186040082697057,-6.195228554289141,1.6152100710550816,0.022840235976269205,-16.676822635472906,14.34032702129627,0.20278257238039898,-23.88734873025395,12.18705758850059,0.17233378875350225,0.0,0.0,0.0,-22.644254149170166,19.119138929274982,0.2703584212562923
R:A:ARG:95,30.29986722655469,3.92564533412149,0.0555114578575565,-8.635599480103979,1.635223225114094,0.023123236416601207,-247.3780023995201,23.021965894190433,0.3255472109070321,-5.355121975604879,12.187547307282362,0.1723407137304685,0.0,0.0,0.0,-231.06885662867427,26.393784671505056,0.37322716159776503
R:A:ALA:96,10.721000799840033,2.4523988055817996,0.03467868881650806,-4.353697060587883,0.8685645322830136,0.012282129261987126,12.425295540891822,2.6503628618697093,0.037478043427689844,-1.4326924615076984,1.3619149191310627,0.019258459744642267,0.0,0.0,0.0,17.359906818636272,3.955742635067278,0.05593705541181243
R:A:VAL:97,17.62761827634473,2.768583829970332,0.03914977322751545,-4.806542091581684,1.425170257557089,0.020152935876446884,9.130524695060988,2.4109926685725216,0.034093176159606484,-1.5003259348130373,1.6592996812688174,0.023463694880735828,0.0,0.0,0.0,20.451274945010997,4.273444485045732,0.060429588831236426
R:A:ALA:98,11.263960407918416,2.333253536077773,0.03299388872784185,-3.135393521295741,1.0373233322213975,0.01466850047322337,9.758995000999802,3.5528175842868097,0.05023940443408873,-1.7818792241551689,1.8924523202060937,0.026760641443444377,0.0,0.0,0.0,16.105682663467306,4.766969722020618,0.06740839182086078
R:A:ARG:99,32.36773145370926,4.288953075049023,0.060648891485226814,-4.618370725854829,2.6275514194098135,0.03715547317006213,-221.03218796240753,24.835419586829055,0.35119075474950384,-41.64668566286743,24.501892600461936,0.3464744424817734,0.0,0.0,0.0,-234.9295128974205,35.24826168763558,0.4984358561936128
R:A:SER:102,17.118167366526695,3.2491924651284902,0.04594592614654382,-1.0034405118976204,1.5646605475899944,0.022125429236811243,21.603214157168566,3.385269450439229,0.04787015291502005,-7.119431113777245,2.940744162156628,0.04158424455935858,0.0,0.0,0.0,30.598509898020392,5.754427841581453,0.08137176220321608
R:A:ALA:107,11.330949610077983,2.3919574056856083,0.033824003806116006,-2.9061871625674867,1.351209144186384,0.019107072361398945,7.7043175364927015,3.0928246510085295,0.04373477241639133,-2.1217316536692663,1.5446089716820774,0.021841885483809668,0.0,0.0,0.0,14.007348330333933,4.415722769743808,0.062441506448045324
R:A:HSD:108,24.531727254549093,3.0014275113308813,0.04244235090713841,-6.160665266946611,1.5660163539654357,0.02214460131734005,-2.4412277544491103,4.160560763448152,0.058833331548439755,-7.034743451309738,3.408834880266485,0.04820338509811631,0.0,0.0,0.0,8.895090781843631,6.3554225220615175,0.08987026067634693
R:A:VAL:109,17.975749650069986,2.8364135110014015,0.04010893386470285,-2.497748850229954,1.3707119909881618,0.01938285668886457,4.747488702259548,2.0990624094872814,0.029682257200321024,-1.4794579084183164,0.994292201358136,0.01406000923059472,0.0,0.0,0.0,18.746031593681266,3.9139204064766298,0.05534565891968933
R:A:THR:110,20.535623275344932,2.571432340077069,0.036361908891519974,-1.7852929414117176,1.263070243446575,0.017860724701944834,-6.333625074985003,3.8734414601816343,0.05477325740856917,-4.253220555888822,2.1243687575893517,0.03004010722410854,0.0,0.0,0.0,8.163484703059389,5.265368181157912,0.07445610568848722
R:A:HSD:163,23.43446870625875,2.8125152659223556,0.03977099543377939,-6.367328534293142,1.2196586319163036,0.017246853188121344,-10.11060727854429,3.9939217504038984,0.05647693565357194,-3.1490935812837435,2.2295448435048244,0.03152737297635869,0.0,0.0,0.0,3.8074393121375727,5.506368173034068,0.07786401948457612
R:A:ASP:167,22.222425114977003,2.514983906674344,0.035563687308759064,-4.403731053789242,1.4437846282056548,0.020416156509961918,-98.75455888822235,9.02655914003779,0.12764206000618852,-5.066186562687462,7.861143059692172,0.11116223563990961,0.0,0.0,0.0,-86.00205138972206,12.316086968555396,0.17415835729795073
R:A:LYS:186,24.371468706258746,2.8372960107362784,0.040121413047785465,-6.129481703659268,1.59863106896377,0.022605796922921015,-21.947481503699258,11.462743845764551,0.16209146975029087,-15.397936012797443,9.448153635228516,0.13360371040016003,0.0,0.0,0.0,-19.103430513897223,15.207497280476204,0.21504498561457006
L:B:LIG:194,109.30114417116576,6.028620009352645,0.08524903731867396,-3.403346530693861,3.787449771830332,0.05355727288176482,56.44125534893021,6.299856491240244,0.0890845169028491,-18.376438312337534,4.824551014151083,0.06822263284352802,0.0,0.0,0.0,143.9626146770646,10.660840458879067,0.15075197718839156

Sidechain Energy Decomposition:
Residue,Internal,,,van der Waals,,,Electrostatic,,,Polar Solvation,,,Non-Polar Solv.,,,TOTAL,,
,Avg.,Std. Dev.,Std. Err. of Mean,Avg.,Std. Dev.,Std. Err. of Mean,Avg.,Std. Dev.,Std. Err. of Mean,Avg.,Std. Dev.,Std. Err. of Mean,Avg.,Std. Dev.,Std. Err. of Mean,Avg.,Std. Dev.,Std. Err. of Mean
R:A:GLN:19,19.743183563287342,2.5760209797826037,0.036426795568220816,-4.78375824835033,1.4016266883409993,0.019820012818167625,-49.85982103579284,4.764136555299595,0.06736832879894934,-3.9542091581683665,3.1599042094534333,0.044683325778905186,0.0,0.0,0.0,-38.8546048790242,6.425140713806454,0.09085612621781979
R:A:LYS:22,21.289259148170363,2.663416594383565,0.037662632625299786,-6.691320335932813,1.2836310477824229,0.018151469312387924,-1.905211157768446,15.626164516141072,0.22096524244647028,-40.46197820435913,13.96459094065046,0.1974693930605456,0.0,0.0,0.0,-27.76925054989002,21.164317004034693,0.29927871507942977
R:A:PHE:24,24.396040391921616,2.820074485035446,0.03987788824693931,0.7897140571885624,1.5998998122190426,0.02262373786810395,0.050233953209358105,0.8871335153628979,0.012544708082528323,-0.7410519896020796,0.2681800313049101,0.0037922591673331175,0.0,0.0,0.0,24.494936412717454,3.3721544913537547,0.047684697929504964
R:A:ASP:49,20.43437672465507,2.1119103128249237,0.029863935824848396,-2.1238264347130578,1.0129309129758919,0.01432357406297909,-76.05453089382124,10.833216016088905,0.15318949195737874,-40.00202479504099,11.300259288732562,0.15979382086138444,0.0,0.0,0.0,-97.74600539892022,15.828475082828104,0.22382605985123433
R:A:VAL:51,14.534251349730054,2.2539658532012408,0.03187270367621036,-3.508598080383924,0.8567004417525035,0.012114362460493829,7.158363327334532,0.8771898620914491,0.01240409764970844,-1.054135772845431,0.3896103249671181,0.005509371146520323,0.0,0.0,0.0,17.129880823835233,2.5952949685484943,0.03669934367790994
R:A:MET:53,17.490486702659467,2.4831846383794116,0.035114022708008695,-6.926920215956808,1.08818881066463,0.015387775044072455,5.449384923015397,1.124832789815282,0.015905947352373915,-1.7972629474105182,0.6940726899000262,0.009814688693493114,0.0,0.0,0.0,14.215688462307538,3.0161807869966744,0.042650972871344936
R:A:ARG:62,27.196004799040193,3.798249568106425,0.05370998979448222,-6.113984803039393,1.305512073561238,0.018460882806735756,-214.9104051189762,9.085978264911253,0.12848228931006278,-52.371304739052185,7.5095225401725285,0.10619006775670604,0.0,0.0,0.0,-246.19968986202764,12.453071563579558,0.17609541832272615
R:A:PHE:64,25.579515896820638,2.818035411466858,0.03984905427523859,2.1682467506498697,1.6068592256285994,0.022722148995782752,-1.0848084383123375,0.8746156620970742,0.012367696604187947,-1.1213261347730454,0.39176706284287266,0.005539868976433564,0.0,0.0,0.0,25.541628074385123,3.3825662061788178,0.04783192709045659
R:A:PHE:66,25.21255328934213,2.8981136669641425,0.04098141859422232,2.768642671465707,1.6255777178306303,0.022986841983200217,-3.440434513097381,1.0087469451159452,0.014264409738195078,-0.11912117576484703,0.4536555881227192,0.0064150173840284005,0.0,0.0,0.0,24.42164027194561,3.5021335690215345,0.04952269588352383
R:A:LYS:94,20.147262947410518,2.725779984984027,0.03854449597120151,-5.126010397920416,1.397743206128295,0.019765097577272756,-19.510537692461508,13.966166689733727,0.1974916752896786,-24.069769646070785,11.764801274884288,0.1663627797694102,0.0,0.0,0.0,-28.55905478904219,18.516153046455525,0.26183176574518646
R:A:ARG:95,26.36779044191162,3.73841076548128,0.05286382594435037,-8.222006398720255,1.5029011501710987,0.02125210679035179,-251.80102799440115,22.39273060443571,0.31664936983970515,-5.40091901619676,12.093180415917308,0.17100629778931672,0.0,0.0,0.0,-239.05616296740652,25.766525249117496,0.3643572607208396
R:A:ALA:96,7.373070385922817,1.9083883614760355,0.026985988566803554,-3.738190561887622,0.5659976554807469,0.008003615285008044,3.9960367926414717,1.0587600825794001,0.01497163159252188,-0.6144257148570286,0.41631293811041503,0.005886965365566726,0.0,0.0,0.0,7.016490901819637,2.2927252035794767,0.03242078886016884
R:A:VAL:97,13.989026394721055,2.3802592667328923,0.03365858367968707,-4.650026594681064,1.1057379846032525,0.015635933027439226,7.8392303539292145,1.246768316520531,0.017630203691377133,-0.22674345130973805,0.41073335193569027,0.005808065990702504,0.0,0.0,0.0,16.95148670265947,2.9345227531804956,0.04149626934692883
R:A:ALA:98,7.9484729054189165,1.86209238055178,0.02633132998832395,-2.975883223355329,0.7865302900594812,0.011122105879210675,2.793850229954009,1.3643282334756235,0.01929258575097572,-0.4281101779644071,0.5507282619719832,0.007787695042059791,0.0,0.0,0.0,7.338329734053188,2.500142211571862,0.035353815029912326
R:A:ARG:99,28.130784243151368,4.055391009950946,0.05734615534115351,-4.668140371925616,2.2727583663410917,0.03213844337310375,-225.98565866826632,24.16496233748182,0.3417100054268549,-40.10521615676864,23.820801477936396,0.33684332251874355,0.0,0.0,0.0,-242.62823095380924,34.24890676588869,0.4843042564433493
R:A:SER:102,13.030048390321936,2.6574039888706977,0.03757761004451784,-1.6355842831433711,1.1588315325537024,0.016386714108944933,21.031255348930213,2.586683665256937,0.03657757363525913,-4.847802839432114,2.5761947022092873,0.03642925212869609,0.0,0.0,0.0,27.577916616676664,4.66180201303154,0.06592124452439484
R:A:ALA:107,7.949026794641071,1.9234940512018492,0.0271995939201286,-2.5346752649470106,0.8920146178792996,0.012613730394422498,0.25816116776644665,1.641918202634628,0.023217908229986404,-0.48945190961807633,0.7166922021302686,0.010134544919172397,0.0,0.0,0.0,5.1830607878424315,2.7757994416485707,0.03925180718359179
R:A:HSD:108,24.531727254549093,3.0014275113308813,0.04244235090713841,-6.160665266946611,1.5660163539654357,0.02214460131734005,-2.4412277544491103,4.160560763448152,0.058833331548439755,-7.034743451309738,3.408834880266485,0.04820338509811631,0.0,0.0,0.0,8.895090781843631,6.3554225220615175,0.08987026067634693
R:A:VAL:109,14.365801039792041,2.4666924556321943,0.03488081134283677,-3.4965278944211153,1.060606997822935,0.014997748306840626,7.667340531893622,0.9939878835440151,0.014055705957100541,-0.43073365326934615,0.4541590370773647,0.006422136515547063,0.0,0.0,0.0,18.1058800239952,2.898918974047932,0.04099280621751463
R:A:THR:110,15.898334733053389,2.302667907804477,0.032561385872787084,-1.9339132173565288,0.8909031520777049,0.01259801346592948,-1.9642375524895017,3.818102298226906,0.053990721724557905,-2.453241151769646,2.063432095570772,0.029178418849913738,0.0,0.0,0.0,9.546942811437713,4.993159830485282,0.07060688317836958
R:A:HSD:163,23.43446870625875,2.8125152659223556,0.03977099543377939,-6.367328534293142,1.2196586319163036,0.017246853188121344,-10.11060727854429,3.9939217504038984,0.05647693565357194,-3.1490935812837435,2.2295448435048244,0.03152737297635869,0.0,0.0,0.0,3.8074393121375727,5.506368173034068,0.07786401948457612
R:A:ASP:167,18.123023595280944,2.1511108065143394,0.03041825909356579,-3.711493301339732,1.2773913127510852,0.018063234956313082,-103.53603099380123,8.821192919256184,0.12473803344749916,-6.47011597680464,8.014345040941253,0.11332862220873237,0.0,0.0,0.0,-95.59461667666467,12.177938135078113,0.1722048331013078
R:A:LYS:186,20.26111197760448,2.5632312023341135,0.03624593888571099,-5.853817836432714,1.4336959834550709,0.020273495792997982,-26.007662067586484,11.416878844748581,0.16144290553871912,-15.03230673865227,9.352389165644865,0.13224953169447373,0.0,0.0,0.0,-26.632674665066986,15.047855130580356,0.21278753041371293
L:B:LIG:194,109.30114417116576,6.028620009352645,0.08524903731867396,-3.403346530693861,3.787449771830332,0.05355727288176482,56.44125534893021,6.299856491240244,0.0890845169028491,-18.376438312337534,4.824551014151083,0.06822263284352802,0.0,0.0,0.0,143.9626146770646,10.660840458879067,0.15075197718839156

Backbone Energy Decomposition:
Residue,Internal,,,van der Waals,,,Electrostatic,,,Polar Solvation,,,Non-Polar Solv.,,,TOTAL,,
,Avg.,Std. Dev.,Std. Err. of Mean,Avg.,Std. Dev.,Std. Err. of Mean,Avg.,Std. Dev.,Std. Err. of Mean,Avg.,Std. Dev.,Std. Err. of Mean,Avg.,Std. Dev.,Std. Err. of Mean,Avg.,Std. Dev.,Std. Err. of Mean
R:A:GLN:19,4.304196160767846,0.9099968367333396,0.01286801194538813,-0.4687384523095381,0.6943443865645443,0.009818530680391763,7.038038792241553,0.9746915902764475,0.013782842445662276,-1.9202729454109178,0.5089464297863031,0.0071968697842538865,0.0,0.0,0.0,8.953223555288943,1.5872172297975575,0.022444397000630296
R:A:LYS:22,4.2125230953809245,0.8288188167448292,0.011720096162883917,-1.460641471705659,0.5022337578083109,0.007101947758471518,3.9158418316336734,0.9603672162978787,0.013580285460818114,0.2949346130773845,0.4639232761593912,0.006560209902259242,0.0,0.0,0.0,6.962658068386322,1.4410792395891194,0.020377900362655445
R:A:PHE:24,4.281843631273746,0.8414801553058613,0.011899136626840725,-0.23764547090581886,0.8326036028819938,0.011773615770049371,2.172666066786643,0.9208247194952468,0.013021126021282782,-0.5081097780443911,0.4785338596331587,0.0067668140959006575,0.0,0.0,0.0,5.708754449110178,1.5742396355557056,0.022260884453129553
R:A:ASP:49,4.450207358528295,0.8375216010989686,0.011843159813774408,-1.4326098780243952,0.5193009471199423,0.007343290131401799,2.641147370525895,1.5161636339276232,0.021439647881172617,1.793118576284743,0.7551649812505021,0.010678577778746519,0.0,0.0,0.0,7.451863427314537,1.9596280819938092,0.027710555190648065
R:A:VAL:51,3.7417032593481308,0.8508480368732153,0.012031605232275028,-0.7190913817236552,0.7385573581337199,0.010443734003444604,-3.1491265746850634,1.4867324497367456,0.021023469698515804,1.5106576684663067,0.7399284951602371,0.010463122870442564,0.0,0.0,0.0,1.384142971405719,2.0068076410445475,0.02837770820144578
R:A:MET:53,4.316545890821836,0.8514452436551764,0.012040050167129668,-0.6728050389922016,0.703003563703974,0.009940977693798321,2.3443349330133976,1.219109772854679,0.01723909192492105,-0.7986346730653869,0.6451111248745062,0.009122336832276796,0.0,0.0,0.0,5.1894411117776444,1.766796540417189,0.02498377804122081
R:A:ARG:62,4.43126774645071,0.8503376348714932,0.012024387779653228,-0.6021529694061187,0.4808145512244269,0.0067990647207990225,8.246001599680064,0.7670509652955065,0.010846654170333613,-2.0283249350129973,0.6082056916565711,0.008600467374792874,0.0,0.0,0.0,10.046791441711658,1.3829454337291145,0.019555846397146304
R:A:PHE:64,3.926802639472106,0.8200067659609813,0.01159548740582826,-1.5340255948810237,0.5704561617672925,0.008066661781257204,4.390590281943611,0.8970287965083326,0.012684634498579966,0.4183321335732853,0.3640828479909301,0.005148394200881263,0.0,0.0,0.0,7.201699460107979,1.3910601391336153,0.01967059418731804
R:A:PHE:66,4.421110777844431,0.7947822068809417,0.011238793937833036,-1.2971449710057987,0.6101548054402945,0.008628029250218628,4.040290141971606,0.9792492292517783,0.013847290749667215,-1.496371125774845,0.4426861159316663,0.006259901131431541,0.0,0.0,0.0,5.667884823035393,1.4693085765778713,0.020777083558594502
R:A:LYS:94,3.967885222955409,0.8526293346273877,0.012056794067943145,-1.0692171565686863,0.690600084229886,0.009765583543407761,2.8337266546690665,1.0572233720532778,0.014949901396757979,0.1824129174165167,0.719318417022735,0.01017168149288701,0.0,0.0,0.0,5.914807638472306,1.6849467356831385,0.02382636273763983
R:A:ARG:95,3.932073185362928,0.8956555112786694,0.01266521525443933,-0.41359968006398723,0.6475578147835144,0.009156934793176086,4.42303399320136,1.3275234099493078,0.01877213898713349,0.045794641071785644,0.6015577176645145,0.008506460225219142,0.0,0.0,0.0,7.987302139572087,1.8291309439228873,0.025865231488684845
R:A:ALA:96,3.3479236152769447,0.957340024745446,0.01353747878777789,-0.6155244951009797,0.6150024086597861,0.008696577857880654,8.429259948010397,1.8685928736212305,0.02642325165122652,-0.8182573485302941,1.0678644991948933,0.015100374613414696,0.0,0.0,0.0,10.343401719656068,2.434481834318292,0.03442532991355667
R:A:VAL:97,3.6385894821035794,0.9600828684121533,0.013576264576522192,-0.15651869626074785,0.6763956152243455,0.009564722101408319,1.2912925414917018,2.11729879699659,0.029940132879485912,-1.2735980803839233,1.7308106219186792,0.024474911185411855,0.0,0.0,0.0,3.49976524695061,2.97622743539921,0.04208600364852871
R:A:ALA:98,3.315488302339532,0.952871276080553,0.01347428745690777,-0.15951189762047588,1.009989110588682,0.014281974854353839,6.965144971005799,2.7571386471621753,0.03898793008350937,-1.353776844631074,1.8005312079676787,0.025460810584071947,0.0,0.0,0.0,8.76734453109378,3.573761019266386,0.05053555971794893
R:A:ARG:99,4.236935412917417,0.9405332586706019,0.013299818987342988,0.049778644271145776,0.8748265849190372,0.012370679205097108,4.95346950609878,2.3030436936083087,0.03256669975522867,-1.5414663067386523,1.5582213658365576,0.022034374560160722,0.0,0.0,0.0,7.698717256548689,3.0630031740050803,0.04331307521172077
R:A:SER:102,4.088110577884423,1.026269194840238,0.014512186993742116,0.6321479704059187,0.7396723662936775,0.010459501023441118,0.5719628074385122,1.999623303911246,0.028276116490003264,-2.271635072985403,1.6016529051563952,0.022648527867309014,0.0,0.0,0.0,3.0205862827434515,2.8572940093517447,0.040404199179209226
R:A:ALA:107,3.381916816636673,0.94079404036902,0.0133035066287445,-0.37151309738052385,0.7715046042685311,0.010909631839257222,7.446156768646271,2.1351234730969546,0.030192186662228213,-1.632272945410918,1.143763512047663,0.016173641425570446,0.0,0.0,0.0,8.824287542491502,2.7105829626968836,0.03832959910955166
R:A:HSD:108,0.0,0.0,0.0,0.0,0.0,0.0,0.0,0.0,0.0,0.0,0.0,0.0,0.0,0.0,0.0,0.0,0.0,0.0
R:A:VAL:109,3.609946810637872,0.9176766789413967,0.012976610456155186,0.9987822435512898,1.0428161261114397,0.014746172542550935,-2.9198474305138973,1.7358320058022387,0.0245459171770678,-1.0487312537492501,0.9031934949185336,0.01277180778268384,0.0,0.0,0.0,0.6401503699260149,2.3996806457488375,0.03393321599387206
R:A:THR:110,4.63728574285143,0.8442603258682277,0.011938450244825566,0.14861907618476305,0.6566556742563943,0.00928558509134057,-4.369383323335333,0.9494805698714011,0.013426340424301266,-1.79999100179964,0.6897009075321316,0.009752868536035589,0.0,0.0,0.0,-1.3834695060987803,1.5878201619774868,0.02245292289674378
R:A:HSD:163,0.0,0.0,0.0,0.0,0.0,0.0,0.0,0.0,0.0,0.0,0.0,0.0,0.0,0.0,0.0,0.0,0.0,0.0
R:A:ASP:167,4.099404719056189,0.8797602578813484,0.012440444901032447,-0.6922241551689662,0.6894528123869751,0.009749360291652095,4.781464307138572,1.024055212652156,0.014480879687943796,1.4039366126774644,0.4121818586550394,0.005828548920988801,0.0,0.0,0.0,9.59258148370326,1.570957114316028,0.0222144672340601
R:A:LYS:186,4.110363127374525,0.8648852145951234,0.012230101054802793,-0.2756618676264747,0.6407088944802765,0.009060086117754919,4.060183563287342,1.6369094667016089,0.023147081089478144,-0.36563227354529093,1.1877326653642795,0.01679539698258742,0.0,0.0,0.0,7.529252549490102,2.291007596766556,0.03239650066037082
L:B:LIG:194,0.0,0.0,0.0,0.0,0.0,0.0,0.0,0.0,0.0,0.0,0.0,0.0,0.0,0.0,0.0,0.0,0.0,0.0

Receptor:
Total Energy Decomposition:
Residue,Internal,,,van der Waals,,,Electrostatic,,,Polar Solvation,,,Non-Polar Solv.,,,TOTAL,,
,Avg.,Std. Dev.,Std. Err. of Mean,Avg.,Std. Dev.,Std. Err. of Mean,Avg.,Std. Dev.,Std. Err. of Mean,Avg.,Std. Dev.,Std. Err. of Mean,Avg.,Std. Dev.,Std. Err. of Mean,Avg.,Std. Dev.,Std. Err. of Mean
R:A:GLN:19,24.047385322935412,2.8508792767085853,0.04031349023062105,-5.028621875624875,1.6956922215930836,0.023978311662588337,-42.833183363327336,4.888151813655187,0.06912199404426907,-5.98197900419916,3.358219220672211,0.047487643146066336,0.0,0.0,0.0,-29.796398920215957,6.795185740520308,0.09608882992828412
R:A:LYS:22,25.501783443311336,2.880953357422555,0.04073875943404283,-7.740394121175764,1.4219482267247059,0.020107374035387798,1.7918028394321137,15.674492515893258,0.22164863523752684,-40.59510937812438,14.090138582994008,0.19924472732125742,0.0,0.0,0.0,-21.041917216556687,21.320026968226376,0.30148056633687725
R:A:PHE:24,28.67789522095581,3.0170444051804393,0.042663185055669475,3.5114263147370526,1.8298861395077792,0.025875910499221163,2.1758488302339534,1.3370024641807083,0.01890617965426208,-1.879032193561288,0.5373821326133545,0.007598971142064682,0.0,0.0,0.0,32.48613817236553,3.811482044044106,0.053897106553090296
R:A:ASP:49,24.884586482703458,2.418833495028939,0.03420405110381518,-3.5465766846630675,1.2300584783644422,0.017393914521658775,-73.3155600879824,10.316523786539294,0.1458830909749301,-38.25851489702059,10.811538659459671,0.1528829584917782,0.0,0.0,0.0,-90.2360651869626,15.188279381157441,0.2147732306501387
R:A:VAL:51,18.275952609478104,2.4980885393203405,0.03532477462230019,-4.142887822435513,1.2898465048262426,0.018239360360199727,3.9798936212757448,1.8792769297593046,0.026574331914871678,0.5133021395720856,0.8224012067989883,0.0116293465271595,0.0,0.0,0.0,18.62626054789042,3.4802551458141826,0.04921331919141456
R:A:MET:53,21.807030593881223,2.721931262780889,0.03849007226192551,-6.693373125374925,1.207273019958893,0.017071711697310202,7.808902019596081,1.859698366938768,0.026297476908262438,-2.763154769046191,0.9982036753720387,0.014115320295758044,0.0,0.0,0.0,20.15940471905619,3.649836508330969,0.05161132203108888
R:A:ARG:62,31.62727714457108,3.9858652460442765,0.056363010868173954,-6.0070221955608885,1.3241094798106212,0.01872386355140446,-207.20889942011598,8.746046476407964,0.12367540851827902,-54.95589202159569,7.1159536665032865,0.1006247198749608,0.0,0.0,0.0,-236.54453649270144,12.032061885872167,0.1701420376699863
R:A:PHE:64,29.50631533693261,3.0292303488908536,0.04283550309338304,2.4865880823835234,1.6770804718045467,0.02371512808992538,3.482386322735453,1.3287112362041091,0.018788935707538253,-1.326111377724455,0.4879589357803789,0.006900091473967152,0.0,0.0,0.0,34.149178364327135,3.7406433788551046,0.05289539670855977
R:A:PHE:66,29.63365566886623,3.1032205162859148,0.04388177745330141,2.609479704059188,1.7207726995455537,0.02433296771946758,0.7050555888822236,1.5886680151928403,0.022464912153038637,-2.042294541091782,0.6167502895372369,0.008721294154797568,0.0,0.0,0.0,30.90589642071586,3.9364048620969028,0.05566360534744379
R:A:LYS:94,24.11514577084583,2.9602733117282574,0.04186040082697057,-5.140660067986403,1.508812052464184,0.021335691214214716,-11.599254349130174,15.451391990562026,0.21849383281503676,-29.17174985002999,13.406155642203768,0.1895727149611643,0.0,0.0,0.0,-21.796518496300738,20.724629199066218,0.2930612122286657
R:A:ARG:95,30.29986722655469,3.92564533412149,0.0555114578575565,-8.115213957208558,1.6642032603365535,0.02353303502728545,-246.84529854029194,23.093138710715643,0.3265536458925877,-6.173970605878824,12.433719949483315,0.17582177253484968,0.0,0.0,0.0,-230.83461587682464,26.57199110107403,0.3757471291095977
R:A:ALA:96,10.721000799840033,2.4523988055817996,0.03467868881650806,-3.7200999800039996,0.8530996651003215,0.012063444880231372,12.698603079384124,2.3023781329766564,0.03255728824761373,-1.6623339332133573,1.267243425741988,0.017919736511063235,0.0,0.0,0.0,18.0371699660068,3.6944404051911137,0.05224205331985642
R:A:VAL:97,17.62761827634473,2.768583829970332,0.03914977322751545,-4.29771425714857,1.5302216559934705,0.021638438457765426,9.513903619276144,2.2919223540716818,0.032409435988774535,-1.8517742451509698,1.6640320077210087,0.023530613391721945,0.0,0.0,0.0,20.992033393321336,4.246003454998369,0.06004155286430845
R:A:ALA:98,11.263960407918416,2.333253536077773,0.03299388872784185,-2.8069270145970804,0.979080650144904,0.013844906919445576,10.073815836832635,3.6507066996399185,0.051623627164146854,-2.0349342131573684,1.9436622534998436,0.027484786854446067,0.0,0.0,0.0,16.4959150169966,4.84852073787289,0.0685615820340407
R:A:ARG:99,32.36773145370926,4.288953075049023,0.060648891485226814,-4.394407118576285,2.713259022746706,0.03836744052976067,-221.1564629074185,24.73903752100273,0.3498278427872749,-41.703349330133975,24.521546698306953,0.3467523656081365,0.0,0.0,0.0,-234.8864879024195,35.20061253653576,0.4977620628123729
R:A:SER:102,17.118167366526695,3.2491924651284902,0.04594592614654382,-0.8518396320735854,1.4514535550242404,0.020524600669245063,21.691434713057387,3.3534001046302864,0.04741949736765209,-7.396852629474106,2.8274308132785158,0.03998191203678657,0.0,0.0,0.0,30.560909818036397,5.648329519729836,0.07987145536932287
R:A:ALA:107,11.330949610077983,2.3919574056856083,0.033824003806116006,-2.6609876024795036,1.4838384068902915,0.020982545844261187,7.715073585282943,3.1753130149381423,0.044901217407796096,-2.1985702859428113,1.6513505578694982,0.023351288539605018,0.0,0.0,0.0,14.18646530693861,4.553329337549438,0.0643873626167801
R:A:HSD:108,24.531727254549093,3.0014275113308813,0.04244235090713841,-4.552658468306339,1.3503107474614247,0.019094368383404937,-1.442873025394921,4.097842419124462,0.05794644890074908,-9.182772645470907,3.1679293937161646,0.044796807675531854,0.0,0.0,0.0,9.353423115376923,6.136774018654298,0.08677841305654052
R:A:VAL:109,17.975749650069986,2.8364135110014015,0.04010893386470285,-2.4082555488902218,1.3687254848183201,0.019354766058115924,4.7268876224755045,2.113178787715558,0.02988187297516169,-1.424129174165167,1.028546156996021,0.014544384881731477,0.0,0.0,0.0,18.870252549490104,3.929641566874099,0.05556796747244892
R:A:THR:110,20.535623275344932,2.571432340077069,0.036361908891519974,-1.7513197360527892,1.2638528350843148,0.017871791112438026,-6.341774445110977,3.9061265916665824,0.05523544875408496,-4.281261547690462,2.1694993628213095,0.030678286549338005,0.0,0.0,0.0,8.1612675464907,5.307931866909348,0.07505798691991585
R:A:HSD:163,23.43446870625875,2.8125152659223556,0.03977099543377939,-6.361578884223156,1.2201272561998484,0.017253479873660386,-10.099196960607879,3.9903453941389406,0.056426363395207124,-3.165237952409518,2.2326280777014023,0.03157097213282875,0.0,0.0,0.0,3.808454909018197,5.505128258291045,0.07784648619535968
R:A:ASP:167,22.222425114977003,2.514983906674344,0.035563687308759064,-4.383391321735653,1.4436263181472493,0.020413917891496002,-99.80292201559688,9.181542034859376,0.12983362997807338,-3.819455308938212,8.134106609578284,0.11502213721187443,0.0,0.0,0.0,-85.78334353129374,12.604507347419538,0.17823682958565684
R:A:LYS:186,24.371468706258746,2.8372960107362784,0.040121413047785465,-6.098235752849431,1.5948918957025529,0.022552922314736726,-20.734295140971803,11.590195943747952,0.16389373438804783,-17.046750849830037,9.850498723988016,0.13929316029639374,0.0,0.0,0.0,-19.507813037392523,15.555027995387173,0.2199593207093129

Sidechain Energy Decomposition:
Residue,Internal,,,van der Waals,,,Electrostatic,,,Polar Solvation,,,Non-Polar Solv.,,,TOTAL,,
,Avg.,Std. Dev.,Std. Err. of Mean,Avg.,Std. Dev.,Std. Err. of Mean,Avg.,Std. Dev.,Std. Err. of Mean,Avg.,Std. Dev.,Std. Err. of Mean,Avg.,Std. Dev.,Std. Err. of Mean,Avg.,Std. Dev.,Std. Err. of Mean
R:A:GLN:19,19.743183563287342,2.5760209797826037,0.036426795568220816,-4.602082583483303,1.4174716909270846,0.02004407258884153,-49.836997200559885,4.725622237386952,0.06682370855087523,-4.098746450709858,3.177789920108727,0.04493624263429808,0.0,0.0,0.0,-38.79464267146571,6.408975299506975,0.09062753559430227
R:A:LYS:22,21.289259148170363,2.663416594383565,0.037662632625299786,-6.380153369326134,1.2673420508680227,0.017921131141515452,-2.095587682463507,15.717897581835862,0.22226241419201728,-40.817409118176364,14.0610096039926,0.1988328225380577,0.0,0.0,0.0,-28.003891021795642,21.294699793746563,0.3011224218130797
R:A:PHE:24,24.396040391921616,2.820074485035446,0.03987788824693931,3.6552383523295338,1.5265201379708289,0.021586096321827453,0.09892741451709659,0.8594432593179707,0.01215314788014776,-1.4443505298940211,0.29700543775865035,0.004199871215644107,0.0,0.0,0.0,26.705855628874225,3.333157478851504,0.04713325203161064
R:A:ASP:49,20.43437672465507,2.1119103128249237,0.029863935824848396,-2.116213557288542,1.0124821756223528,0.01431722859298118,-75.93861447710458,10.85059643634107,0.15343526364184257,-40.08307918416317,11.317217419299917,0.16003362106497143,0.0,0.0,0.0,-97.70353049390123,15.852448973752043,0.2241650679689923
R:A:VAL:51,14.534251349730054,2.2539658532012408,0.03187270367621036,-3.4365866826634677,0.8631825501663195,0.012206024151098945,7.157470305938812,0.8772341247501496,0.012404723555643385,-1.0633775244951007,0.39028563805358824,0.0055189205608839696,0.0,0.0,0.0,17.191757448510298,2.5975582324956425,0.036731347863344276
R:A:MET:53,17.490486702659467,2.4831846383794116,0.035114022708008695,-6.046697060587882,1.018192630086746,0.014397978539898788,5.466636872625474,1.1107830351251828,0.01570727368244011,-1.9589306138772244,0.6685343860561962,0.009453558648132687,0.0,0.0,0.0,14.951495900819838,2.980553531931259,0.04214717777529946
R:A:ARG:62,27.196004799040193,3.798249568106425,0.05370998979448222,-5.456304539092182,1.2279364175185532,0.017363907049971553,-215.51342451509697,8.711864880311927,0.12319205608328025,-52.774361727654465,7.160372299080171,0.10125283139307222,0.0,0.0,0.0,-246.54808598280343,11.962526856034053,0.16915876217004963
R:A:PHE:64,25.579515896820638,2.818035411466858,0.03984905427523859,3.977185962807438,1.5150892490953702,0.021424455304344545,-0.9464253149370127,0.8721214101948203,0.012332426082382369,-1.7055074985003005,0.34584695686133654,0.004890525540883744,0.0,0.0,0.0,26.90476904619076,3.3342202813695443,0.047148280826157685
R:A:PHE:66,25.21255328934213,2.8981136669641425,0.04098141859422232,3.8889254149170167,1.6125747276903095,0.02280297031936888,-3.3705732853429318,0.99741811879344,0.01410421195886154,-0.46835032993401327,0.4859235311330059,0.006871309383459985,0.0,0.0,0.0,25.262555088982204,3.4972024048996704,0.04945296566440285
R:A:LYS:94,20.147262947410518,2.725779984984027,0.03854449597120151,-4.290023195360928,1.3264052102225499,0.018756326836079314,-14.623136572685462,15.060184083596647,0.21296187070621028,-29.20851829634073,12.993292679839948,0.18373453474223372,0.0,0.0,0.0,-27.9744151169766,20.120239228300573,0.28451470190077965
R:A:ARG:95,26.36779044191162,3.73841076548128,0.05286382594435037,-8.034462907418517,1.5260026531609878,0.02157877871318774,-251.22554669066182,22.673350739163396,0.3206175410464919,-6.0469916016796645,12.357924109698573,0.17474996466432782,0.0,0.0,0.0,-238.93921075784843,26.136249179848114,0.369585423902391
R:A:ALA:96,7.373070385922817,1.9083883614760355,0.026985988566803554,-3.265304739052189,0.5632250053346443,0.007964408011136072,4.001019596080784,1.078506437620434,0.015250859302211555,-0.6386482703459309,0.4217931902750863,0.00596446008584716,0.0,0.0,0.0,7.470136972605479,2.3022280895260034,0.032555166524946805
R:A:VAL:97,13.989026394721055,2.3802592667328923,0.03365858367968707,-4.238348930213958,1.1636041702788527,0.016454202650420205,7.985575284943011,1.153305576345904,0.016308573100513625,-0.3505818836232753,0.43465523200530937,0.006146338637448203,0.0,0.0,0.0,17.38567086582683,2.922096467452485,0.0413205526996503
R:A:ALA:98,7.9484729054189165,1.86209238055178,0.02633132998832395,-2.750123175364927,0.8544400243865805,0.012082398527772178,2.9795826834633075,1.4246087940093883,0.020144996376717798,-0.4842051589682063,0.5605476418375389,0.00792654815924189,0.0,0.0,0.0,7.69372725454909,2.557573002618155,0.03616592785864444
R:A:ARG:99,28.130784243151368,4.055391009950946,0.05734615534115351,-4.516156568686262,2.3279199638754124,0.03291846816807602,-226.179825034993,24.039400621145617,0.3399344721497308,-40.02351909618076,23.766365603450726,0.3360735599713771,0.0,0.0,0.0,-242.58871645670862,34.126211682849046,0.48256925942966494
R:A:SER:102,13.030048390321936,2.6574039888706977,0.03757761004451784,-1.5309298140371925,1.0707834123900573,0.015141650152347065,21.14132373525295,2.5100017068641276,0.03549323540817629,-5.06470625874825,2.4350612100067472,0.03443352270388183,0.0,0.0,0.0,27.57573605278944,4.52084115417208,0.06392795625962779
R:A:ALA:107,7.949026794641071,1.9234940512018492,0.0271995939201286,-2.3825412917416515,0.9906055314204918,0.01400787705729332,0.33005798840231954,1.7269241770309516,0.02441995405015422,-0.5799524095180963,0.7850077553116995,0.01110057613918207,0.0,0.0,0.0,5.316591081783643,2.877435137931578,0.040689009271614895
R:A:HSD:108,24.531727254549093,3.0014275113308813,0.04244235090713841,-4.552658468306339,1.3503107474614247,0.019094368383404937,-1.442873025394921,4.097842419124462,0.05794644890074908,-9.182772645470907,3.1679293937161646,0.044796807675531854,0.0,0.0,0.0,9.353423115376923,6.136774018654298,0.08677841305654052
R:A:VAL:109,14.365801039792041,2.4666924556321943,0.03488081134283677,-3.4248446310737846,1.0607403018920594,0.014999633322573227,7.569536092781444,1.0379100418129075,0.014676796970230025,-0.32459948010397915,0.5016247281366361,0.007093335639424664,0.0,0.0,0.0,18.18589302139572,2.922092791391996,0.04132050071750226
R:A:THR:110,15.898334733053389,2.302667907804477,0.032561385872787084,-1.9035328934213156,0.8908162678370876,0.012596784860069548,-2.0113813237352534,3.8548060820198375,0.054509739713657565,-2.4236350729854035,2.105207635831593,0.029769155135361748,0.0,0.0,0.0,9.559785442911418,5.038577402066641,0.0712491204148609
R:A:HSD:163,23.43446870625875,2.8125152659223556,0.03977099543377939,-6.361578884223156,1.2201272561998484,0.017253479873660386,-10.099196960607879,3.9903453941389406,0.056426363395207124,-3.165237952409518,2.2326280777014023,0.03157097213282875,0.0,0.0,0.0,3.808454909018197,5.505128258291045,0.07784648619535968
R:A:ASP:167,18.123023595280944,2.1511108065143394,0.03041825909356579,-3.6950275944811035,1.2777059472119883,0.01806768411463748,-104.59265406918617,8.951817585356151,0.12658516048782015,-5.224942811437712,8.272629035590603,0.11698094427655548,0.0,0.0,0.0,-95.38960087982404,12.443120164630413,0.17595469836043418
R:A:LYS:186,20.26111197760448,2.5632312023341135,0.03624593888571099,-5.823835032993402,1.4318978552560466,0.020248068962694436,-24.82180903819236,11.55266677860081,0.16336304491098608,-16.649043991201758,9.792675908768427,0.13847550396295782,0.0,0.0,0.0,-27.033576084783043,15.426635952665327,0.21814376457466927

Backbone Energy Decomposition:
Residue,Internal,,,van der Waals,,,Electrostatic,,,Polar Solvation,,,Non-Polar Solv.,,,TOTAL,,
,Avg.,Std. Dev.,Std. Err. of Mean,Avg.,Std. Dev.,Std. Err. of Mean,Avg.,Std. Dev.,Std. Err. of Mean,Avg.,Std. Dev.,Std. Err. of Mean,Avg.,Std. Dev.,Std. Err. of Mean,Avg.,Std. Dev.,Std. Err. of Mean
R:A:GLN:19,4.304196160767846,0.9099968367333396,0.01286801194538813,-0.42653489302139574,0.7022288255031689,0.009930022336570601,7.003815636872624,0.9767288150596386,0.013811650274203361,-1.8832395520895822,0.5309577314446068,0.007508125473547665,0.0,0.0,0.0,8.998237352529493,1.5991043921460704,0.02261249005427929
R:A:LYS:22,4.2125230953809245,0.8288188167448292,0.011720096162883917,-1.36024375124975,0.5011626781469783,0.007086801919145344,3.887397120575885,0.9973807217922686,0.014103683138278467,0.22229434113177363,0.4957218991589031,0.007009865378066702,0.0,0.0,0.0,6.961970805838832,1.4760125902126737,0.020871883149156112
R:A:PHE:24,4.281843631273746,0.8414801553058613,0.011899136626840725,-0.14382003599280144,0.8325167829946044,0.011772388074190522,2.0769218156368727,0.9351390009489304,0.013223540290542077,-0.4346766646670666,0.5003874276176509,0.007075839317222611,0.0,0.0,0.0,5.78026874625075,1.5893538229591404,0.022474609969748274
R:A:ASP:49,4.450207358528295,0.8375216010989686,0.011843159813774408,-1.430365726854629,0.5193772754619356,0.007344369469237814,2.6230457908418314,1.5152343845935943,0.021426507625022437,1.8245638872225556,0.7541158114216935,0.010663741760262855,0.0,0.0,0.0,7.467451309738053,1.958525231868247,0.02769496009403141
R:A:VAL:51,3.7417032593481308,0.8508480368732153,0.012031605232275028,-0.7063057388522295,0.7385862584511198,0.01044414267478775,-3.1775810837832434,1.4853752131933908,0.02100427739438066,1.5766804639072187,0.7393655945334411,0.010455163049378042,0.0,0.0,0.0,1.434496900619876,2.0056054071957745,0.02836070774726542
R:A:MET:53,4.316545890821836,0.8514452436551764,0.012040050167129668,-0.6466796640671865,0.7020058094724434,0.009926868728962809,2.342261547690462,1.2143264753028322,0.017171452645803924,-0.8042201559688061,0.6505767666431045,0.00919962495101357,0.0,0.0,0.0,5.2079076184763045,1.7651090837093553,0.024959916185665707
R:A:ARG:62,4.43126774645071,0.8503376348714932,0.012024387779653228,-0.5507264547090582,0.4771744231117108,0.006747590682487723,8.30453349330134,0.7463482925372174,0.01055390343802179,-2.181521895620876,0.5421465261341495,0.007666343104541167,0.0,0.0,0.0,10.003552889422116,1.3422846765583614,0.018980873949044158
R:A:PHE:64,3.926802639472106,0.8200067659609813,0.01159548740582826,-1.4905928814237153,0.5727713009820499,0.008099399520409879,4.428808438312337,0.8889134629804226,0.012569877826289955,0.3793955208958208,0.37968414389082566,0.005369007783148274,0.0,0.0,0.0,7.244413717256549,1.3909727722857892,0.019669358757043915
R:A:PHE:66,4.421110777844431,0.7947822068809417,0.011238793937833036,-1.2794387122575486,0.6113204548789045,0.008644512374439162,4.075627674465107,0.9709412391942044,0.013729809775022516,-1.5739566086782641,0.44221674864964056,0.006253263939357816,0.0,0.0,0.0,5.643343131373725,1.4641290918775323,0.020703841907300225
R:A:LYS:94,3.967885222955409,0.8526293346273877,0.012056794067943145,-0.850637672465507,0.6335125109042496,0.008958324060919282,3.0238836232753448,1.08909804294394,0.015400632244624157,0.03674985002999399,0.7552574019920789,0.010679884674725278,0.0,0.0,0.0,6.177881023795241,1.698488496913504,0.024017853013473613
R:A:ARG:95,3.932073185362928,0.8956555112786694,0.01266521525443933,-0.08074605078984204,0.6078051806865147,0.008594803860658643,4.380249150169966,1.121978415834573,0.015865584444506874,-0.1269778044391122,0.7107365663970693,0.01005032793218561,0.0,0.0,0.0,8.104598480303938,1.7133615978437753,0.024228169393388434
R:A:ALA:96,3.3479236152769447,0.957340024745446,0.01353747878777789,-0.4547948410317937,0.612968539335696,0.008667817477952632,8.697580283943212,1.528919646072471,0.021620027097923145,-1.0236818636272746,0.9989629744710928,0.014126057332945805,0.0,0.0,0.0,10.567027194561087,2.151221202411656,0.03041982017121798
R:A:VAL:97,3.6385894821035794,0.9600828684121533,0.013576264576522192,-0.05936872625474905,0.6935202995821902,0.00980687749578176,1.5283193361327734,2.085698990590006,0.02949328881377293,-1.5011843631273745,1.7434752644083937,0.02465399836930442,0.0,0.0,0.0,3.6063557288542287,2.9652277816557646,0.041930460607001334
R:A:ALA:98,3.315488302339532,0.952871276080553,0.01347428745690777,-0.05682083583283347,0.954080635545003,0.013491388672435808,7.0942429514097185,2.7758049910779232,0.03925188565652742,-1.5507302539492103,1.8495438840175529,0.026153885192055488,0.0,0.0,0.0,8.802180163967206,3.597796472189774,0.050875438366803624
R:A:ARG:99,4.236935412917417,0.9405332586706019,0.013299818987342988,0.121748450309938,0.8875124115492511,0.012550065948023282,5.023364727054589,2.288906769466094,0.032366793446338527,-1.6798278344331132,1.5493609758433946,0.0219090822518027,0.0,0.0,0.0,7.702220755848831,3.051539730053275,0.04315097384196585
R:A:SER:102,4.088110577884423,1.026269194840238,0.014512186993742116,0.6790877824435113,0.7183478183826177,0.010157956527710163,0.5501085782843431,1.976798845728392,0.02795336218066049,-2.332131573685263,1.5807140362861338,0.02235243715152953,0.0,0.0,0.0,2.9851753649270143,2.824118019743191,0.0399350667456115
R:A:ALA:107,3.381916816636673,0.94079404036902,0.0133035066287445,-0.27845510897820436,0.7961510637631071,0.01125815056194446,7.385004599080183,2.112248742271847,0.02986872146144611,-1.6186216756648673,1.1446907188728739,0.016186752799172015,0.0,0.0,0.0,8.869844631073784,2.7001595385879864,0.03818220437087694
R:A:HSD:108,0.0,0.0,0.0,0.0,0.0,0.0,0.0,0.0,0.0,0.0,0.0,0.0,0.0,0.0,0.0,0.0,0.0,0.0
R:A:VAL:109,3.609946810637872,0.9176766789413967,0.012976610456155186,1.0165846830633873,1.0395337075879272,0.014699756775962178,-2.8426490701859626,1.7537096600946387,0.024798720109675723,-1.0995326934613079,0.968511302852049,0.013695448721648271,0.0,0.0,0.0,0.6843497300539892,2.4364467020531846,0.03445311456122036
R:A:THR:110,4.63728574285143,0.8442603258682277,0.011938450244825566,0.15221915616876625,0.6568245993034348,0.009287973813405799,-4.330387522495501,0.9491712815777383,0.013421966864639555,-1.8576226754649072,0.6939811800200897,0.009813394677755244,0.0,0.0,0.0,-1.3985052989402118,1.5895691403896988,0.02247765471359422
R:A:HSD:163,0.0,0.0,0.0,0.0,0.0,0.0,0.0,0.0,0.0,0.0,0.0,0.0,0.0,0.0,0.0,0.0,0.0,0.0
R:A:ASP:167,4.099404719056189,0.8797602578813484,0.012440444901032447,-0.688365526894621,0.6891303065803143,0.009744799826818541,4.7897234553089385,1.0342290427971677,0.014624744987856616,1.4054809038192362,0.4127787175125877,0.005836988935941174,0.0,0.0,0.0,9.606243551289742,1.5776231087910118,0.022308729206266403
R:A:LYS:186,4.110363127374525,0.8648852145951234,0.012230101054802793,-0.27439972005598884,0.6405351863301002,0.009057629759159757,4.087528094381124,1.6341873199915558,0.023108587970636314,-0.3977066586682663,1.1843557266447466,0.016747644632219057,0.0,0.0,0.0,7.525784843031395,2.287264401727439,0.03234356918134482

Ligand:
Total Energy Decomposition:
Residue,Internal,,,van der Waals,,,Electrostatic,,,Polar Solvation,,,Non-Polar Solv.,,,TOTAL,,
,Avg.,Std. Dev.,Std. Err. of Mean,Avg.,Std. Dev.,Std. Err. of Mean,Avg.,Std. Dev.,Std. Err. of Mean,Avg.,Std. Dev.,Std. Err. of Mean,Avg.,Std. Dev.,Std. Err. of Mean,Avg.,Std. Dev.,Std. Err. of Mean
L:B:LIG:194,109.30114417116576,6.028620009352645,0.08524903731867396,13.724910817836435,2.618953787041157,0.037033896444126385,62.903933813237344,3.898412953280806,0.05512637234097687,-32.91818416316737,2.6128123184482384,0.03694705164640204,0.0,0.0,0.0,153.01180463907218,8.076359942546317,0.11420555766876174

Sidechain Energy Decomposition:
Residue,Internal,,,van der Waals,,,Electrostatic,,,Polar Solvation,,,Non-Polar Solv.,,,TOTAL,,
,Avg.,Std. Dev.,Std. Err. of Mean,Avg.,Std. Dev.,Std. Err. of Mean,Avg.,Std. Dev.,Std. Err. of Mean,Avg.,Std. Dev.,Std. Err. of Mean,Avg.,Std. Dev.,Std. Err. of Mean,Avg.,Std. Dev.,Std. Err. of Mean
L:B:LIG:194,109.30114417116576,6.028620009352645,0.08524903731867396,13.724910817836435,2.618953787041157,0.037033896444126385,62.903933813237344,3.898412953280806,0.05512637234097687,-32.91818416316737,2.6128123184482384,0.03694705164640204,0.0,0.0,0.0,153.01180463907218,8.076359942546317,0.11420555766876174

Backbone Energy Decomposition:
Residue,Internal,,,van der Waals,,,Electrostatic,,,Polar Solvation,,,Non-Polar Solv.,,,TOTAL,,
,Avg.,Std. Dev.,Std. Err. of Mean,Avg.,Std. Dev.,Std. Err. of Mean,Avg.,Std. Dev.,Std. Err. of Mean,Avg.,Std. Dev.,Std. Err. of Mean,Avg.,Std. Dev.,Std. Err. of Mean,Avg.,Std. Dev.,Std. Err. of Mean
L:B:LIG:194,0.0,0.0,0.0,0.0,0.0,0.0,0.0,0.0,0.0,0.0,0.0,0.0,0.0,0.0,0.0,0.0,0.0,0.0

DELTAS:
Total Energy Decomposition:
Residue,Internal,,,van der Waals,,,Electrostatic,,,Polar Solvation,,,Non-Polar Solv.,,,TOTAL,,
,Avg.,Std. Dev.,Std. Err. of Mean,Avg.,Std. Dev.,Std. Err. of Mean,Avg.,Std. Dev.,Std. Err. of Mean,Avg.,Std. Dev.,Std. Err. of Mean,Avg.,Std. Dev.,Std. Err. of Mean,Avg.,Std. Dev.,Std. Err. of Mean
R:A:GLN:19,0.0,4.031752137809681,0.05701188463073956,-0.22387802439512097,2.367789072410181,0.03348224613319406,0.011394321135772777,6.923368541993515,0.09790142724067882,0.10748890221955609,4.707955748288797,0.06657389164649544,0.0,0.0,0.0,-0.10499480103979213,9.589542725712679,0.13560305416912186
R:A:LYS:22,0.0,4.07428331063128,0.05761330610587825,-0.4115738852229554,2.0188456690511405,0.028547934604368046,0.21883023395320933,22.118482897846256,0.312771309365279,0.4280579884023195,19.89483573430084,0.2813273338394435,0.0,0.0,0.0,0.2353143371325735,30.09497128969998,0.42556461123771283
R:A:PHE:24,0.0,4.266745116088044,0.06033485491976092,-2.959346130773845,2.6319672356020667,0.037217915997571877,0.04704139172165566,1.9137990602779795,0.027062499752343767,0.6298670265946811,0.7492141404913031,0.010594428596152254,0.0,0.0,0.0,-2.2824377124575084,5.418146739096032,0.07661650474614129
R:A:ASP:49,0.0,3.42074713379224,0.04837183295911785,-0.009866426714657065,1.7397424150279241,0.024601213185357355,-0.09783223355328943,14.578224556325397,0.20614661519786898,0.04959608078384332,15.277781652504121,0.21603885735381256,0.0,0.0,0.0,-0.05810257948410316,21.46307196233185,0.30350332577798134
R:A:VAL:51,0.0,3.53283069231562,0.04995677535862985,-0.08481323735252949,1.8215327972024815,0.02575778821106646,0.02934753049390122,2.6593837942806298,0.037605605921685936,-0.056774645070985806,1.1620687269873817,0.01643249037426874,0.0,0.0,0.0,-0.1122403519296141,4.921544505881875,0.06959419080926464
R:A:MET:53,0.0,3.8493921076720583,0.05443318220953553,-0.9063593281343733,1.7452254584362485,0.02467874737583727,-0.015198160367926416,2.640816883261473,0.03734305640157867,0.167249950009998,1.428287590890597,0.020197017219319827,0.0,0.0,0.0,-0.7543075384923016,5.184356348920553,0.07331053992070906
R:A:ARG:62,0.0,5.636864688747389,0.07970933438595376,-0.709119376124775,1.934673146147489,0.027357674389743764,0.54449350129974,12.639773697193132,0.17873552122043868,0.55625674865027,10.368011300631375,0.1466111615787287,0.0,0.0,0.0,0.39163087382523476,17.400481060819747,0.246055358774551
R:A:PHE:64,0.0,4.2839786429536275,0.06057854942573696,-1.8523787242551488,2.4143037765172153,0.034139997615313666,-0.1766006798640272,1.8821255223471023,0.026614613069670973,0.6231157768446312,0.6940193351814085,0.009813934219269906,0.0,0.0,0.0,-1.405863627274545,5.310875168751766,0.07509960733191977
R:A:PHE:66,0.0,4.3886165411659785,0.062058204815496745,-1.1379736052789442,2.4625533787965095,0.03482228180953018,-0.10520695860827836,2.268217664140172,0.03207423456731094,0.42679104179164157,0.8433531059844815,0.011925621500999326,0.0,0.0,0.0,-0.8163895220955809,5.58392157198764,0.07896068051003906
R:A:LYS:94,0.0,4.186458665777218,0.0591995465758757,-1.0545684863027394,2.210298030424618,0.03125520915047572,-5.077568286342731,21.080571470520535,0.29809449280289796,5.284401119776045,18.11765387042212,0.25619669983019605,0.0,0.0,0.0,-0.8477356528694261,28.19666166119149,0.39872114322810853
R:A:ARG:95,0.0,5.5517008725812715,0.07850505656925892,-0.520385522895421,2.3331368343214147,0.03299223848079236,-0.5327038592281541,32.608342017735595,0.46110548703641463,0.8188486302739453,17.410735227135724,0.24620036008589366,0.0,0.0,0.0,-0.23424075184962992,37.45267120461948,0.5296077975147543
R:A:ALA:96,0.0,3.46821565120136,0.049043072049621876,-0.6335970805838832,1.2174495411861186,0.017215615051067473,-0.27330753849230155,3.5107503993857594,0.049644544082970615,0.22964147170565885,1.860300552877964,0.02630599225199345,0.0,0.0,0.0,-0.677263147370526,5.412650894192022,0.07653878953327455
R:A:VAL:97,0.0,3.9153688009108905,0.05536614026218345,-0.5088278344331134,2.0910974581536697,0.02956962704077753,-0.38337892421515696,3.3265287801256025,0.0470395174482098,0.3514483103379324,2.3499527559035758,0.03323002774670754,0.0,0.0,0.0,-0.5407584483103379,6.024190659883356,0.08518640312086102
R:A:ALA:98,0.0,3.299718795176168,0.04666040491434272,-0.3284665066986603,1.4264075907885065,0.020170432661226336,-0.31482083583283343,5.094131152023213,0.0720346905280697,0.2530549890021996,2.7127843150411937,0.03836072782024507,0.0,0.0,0.0,-0.3902323535292942,6.799423039953081,0.09614874839999314
R:A:ARG:99,0.0,6.0654956071161195,0.08577048488130189,-0.22396360727854428,3.777009529529802,0.05340964032172402,0.12427494501099774,35.05450104507884,0.4956959408858666,0.056663667266546716,34.664809151094715,0.49018541629458384,0.0,0.0,0.0,-0.0430249950009997,49.814888085263796,0.704418465058014
R:A:SER:102,0.0,4.59505205094518,0.06497735189223486,-0.1516008798240352,2.134216495948133,0.030179361350848973,-0.08822055588882227,4.765012225987625,0.06738071141438154,0.2774215156968607,4.079502571531865,0.05768711022134739,0.0,0.0,0.0,0.037600079984003165,8.063316076368288,0.11402110798826016
R:A:ALA:107,0.0,3.3827386037393508,0.047834364916368444,-0.24519956008798238,2.006873829889567,0.0283786441594777,-0.010756048790241956,4.432626429637579,0.0626805363970006,0.07683863227354529,2.2611447411381405,0.0319742183320835,0.0,0.0,0.0,-0.17911697660467904,6.342823948007885,0.08969210774781702
R:A:HSD:108,0.0,4.244659493003859,0.06002254827187317,-1.608006798640272,2.0677877878537316,0.02924001148195932,-0.9983547290541891,5.839741292071087,0.08257815595722491,2.1480291941611678,4.653593437816876,0.06580516934736884,0.0,0.0,0.0,-0.45833233353329333,8.834669817823256,0.12492860651846764
R:A:VAL:109,0.0,4.01129445575647,0.056722598243788294,-0.08949330133973206,1.9370753250789903,0.027391642933300993,0.020601079784043182,2.9785210403442757,0.042118436877568326,-0.055328734253149374,1.4305677819498424,0.020229260766334196,0.0,0.0,0.0,-0.12422095580883824,5.546247000660799,0.07842793488466802
R:A:THR:110,0.0,3.6365544900617754,0.05142350470816238,-0.03397320535892821,1.7868045300566178,0.02526670545293314,0.008149370125974794,5.501033875152817,0.07778858866318712,0.028040991801639673,3.036390966839382,0.04293675939843657,0.0,0.0,0.0,0.0022171565686862713,7.476512742375414,0.10572328539524978
R:A:HSD:163,0.0,3.977497233448767,0.05624468113152925,-0.005749650069986003,1.7251891779540354,0.024395419911192665,-0.011410317936412728,5.645730007082804,0.07983469638462763,0.016144371125774847,3.155233484631464,0.044617278359423515,0.0,0.0,0.0,-0.0010155968806238778,7.786303846963405,0.11010395516628263
R:A:ASP:167,0.0,3.5567243499689276,0.05029464892004298,-0.020339732053589278,2.0417078633071686,0.02887122252901669,1.048363127374525,12.87553820414857,0.18206940148170617,-1.24673125374925,11.311996311037744,0.15995979082647632,0.0,0.0,0.0,-0.2187078584283142,17.622701373176962,0.24919771435040722
R:A:LYS:186,0.0,4.0125424988503235,0.05674024647375106,-0.031245950809838025,2.2581632920659054,0.03193205849072206,-1.2131863627274546,16.30113917761837,0.2305098712365035,1.6488148370325935,13.64917331658483,0.1930091602438772,0.0,0.0,0.0,0.4043825234953008,21.75377828040384,0.307614122895671
L:B:LIG:194,0.0,8.525756179620325,0.12056034475531882,-17.128257348530294,4.604746975979772,0.06511444512829775,-6.462678464307138,7.408496160796023,0.10476148184943752,14.541745850829836,5.486627443118505,0.07758487131821983,0.0,0.0,0.0,-9.049189962007597,13.374644264848301,0.18912712134604648

Sidechain Energy Decomposition:
Residue,Internal,,,van der Waals,,,Electrostatic,,,Polar Solvation,,,Non-Polar Solv.,,,TOTAL,,
,Avg.,Std. Dev.,Std. Err. of Mean,Avg.,Std. Dev.,Std. Err. of Mean,Avg.,Std. Dev.,Std. Err. of Mean,Avg.,Std. Dev.,Std. Err. of Mean,Avg.,Std. Dev.,Std. Err. of Mean,Avg.,Std. Dev.,Std. Err. of Mean
R:A:GLN:19,0.0,3.6430438065661868,0.05151526832637003,-0.18167566486702658,1.9934350674274408,0.028188610360553028,-0.022823835232953376,6.710328058152445,0.09488888106440956,0.14453729254149167,4.481444341868608,0.06337085690403975,0.0,0.0,0.0,-0.05996220755848832,9.075097662389306,0.12832842973871741
R:A:LYS:22,0.0,3.766639870026798,0.05326300585337436,-0.31116696660667864,1.8038471500460804,0.025507700397918182,0.19037652469506097,22.163693777856345,0.3134106238337993,0.3554309138172365,19.817209471145755,0.28022964246159077,0.0,0.0,0.0,0.23464047190561882,30.023200255020484,0.42454971701576816
R:A:PHE:24,0.0,3.9881875836394496,0.05639585039762022,-2.865524295140972,2.2113215823956964,0.03126968291396466,-0.04869346130773845,1.2351714820490431,0.017466216083416336,0.7032985402919416,0.4001659146515481,0.005658634801806703,0.0,0.0,0.0,-2.210919216156769,4.741451749451956,0.06704754927440273
R:A:ASP:49,0.0,2.986692206912613,0.04223398306934034,-0.007612877424515095,1.4321833648018492,0.02025210627370213,-0.1159164167166568,15.332775752471653,0.21681651361232046,0.08105438912217564,15.992975648962016,0.226152216563639,0.0,0.0,0.0,-0.04247490501899614,22.401802648740624,0.3167776550927658
R:A:VAL:51,0.0,3.187589078723039,0.04507480980839549,-0.07201139772045591,1.2161495639149673,0.01719723243436085,0.0008930213957208647,1.2405650985668493,0.017542485713131883,0.009241751649670067,0.551469930813893,0.007798182774689145,0.0,0.0,0.0,-0.06187662467506496,3.6719020609187027,0.051923344867673485
R:A:MET:53,0.0,3.511753393472693,0.04965872714314273,-0.8802231553689263,1.4902587425070413,0.02107333402293916,-0.01725194961007798,1.5808503269334335,0.022354364399632714,0.16166766646670666,0.9636779151794407,0.013627101132077428,0.0,0.0,0.0,-0.7358074385122976,4.240406336255498,0.05996240556627875
R:A:ARG:62,0.0,5.371536052493857,0.07595739600227729,-0.6576802639472106,1.792258245812378,0.025343824929242306,0.6030193961207759,12.587755587206642,0.17799994760780335,0.40305698860227945,10.376119710315313,0.14672582034286855,0.0,0.0,0.0,0.3483961207758449,17.267919392589537,0.24418084112632452
R:A:PHE:64,0.0,3.985303898144076,0.05635507300378398,-1.8089392121575687,2.2085044721965392,0.031229846942859137,-0.13838312337532496,1.2351308880056824,0.01746564205434965,0.5841813637272546,0.5225816195569631,0.007389681207067548,0.0,0.0,0.0,-1.3631409718056386,4.749608302152817,0.06716288881554294
R:A:PHE:66,0.0,4.098551653119514,0.057956477981238146,-1.1202827434513096,2.2897380131999636,0.03237854783257943,-0.06986122775444911,1.4185955388969036,0.02005996461012849,0.34922915416916617,0.6647744510311295,0.009400390453625415,0.0,0.0,0.0,-0.8409148170365929,4.949279159241631,0.06998637882171498
R:A:LYS:94,0.0,3.8548350228095423,0.0545101489573083,-0.8359872025594882,1.9269241946644742,0.02724809862395801,-4.887401119776045,20.53930273006476,0.29044056222127873,5.138748650269946,17.528154600570517,0.24786075475869587,0.0,0.0,0.0,-0.584639672065587,27.343590661136833,0.38665810369230813
R:A:ARG:95,0.0,5.28691120626521,0.07476073960943098,-0.18754349130173964,2.1418207125340776,0.030286890460746226,-0.5754813037392524,31.86714950641103,0.4506244900652663,0.6460725854829035,17.29055525056946,0.24450092849269978,0.0,0.0,0.0,-0.11695220955808822,36.70173489910961,0.5189890162624868
R:A:ALA:96,0.0,2.6988687030743783,0.03816395102521887,-0.4728858228354329,0.7984834078701399,0.011291131590689342,-0.004982803439312139,1.51134014981812,0.021371440335130713,0.024222555488902217,0.5926431960299228,0.00838040245638872,0.0,0.0,0.0,-0.45364607078584285,3.2491295811849525,0.04594503692220374
R:A:VAL:97,0.0,3.366194936977895,0.047600425530083174,-0.4116776644671065,1.6051888224395283,0.022698528289289154,-0.14634493101379725,1.6983948267437687,0.024016528449679077,0.1238384323135373,0.5980192782025651,0.008456424137810477,0.0,0.0,0.0,-0.4341841631673665,4.141264487331416,0.05856046827952662
R:A:ALA:98,0.0,2.63339629896793,0.03723812398480913,-0.2257600479904019,1.1613344274819342,0.016422106849374837,-0.18573245350929812,1.9725368804226702,0.027893094915708523,0.05609498100379924,0.7858214029309122,0.011112081703663974,0.0,0.0,0.0,-0.35539752049590084,3.5765752811599936,0.05057535541195859
R:A:ARG:99,0.0,5.735188966998551,0.0810997106334136,-0.15198380323935212,3.25340467049261,0.04600548977001365,0.19416636672665483,34.08574756398708,0.4819970675891476,-0.08169706058788244,33.64923055655422,0.4758244021036553,0.0,0.0,0.0,-0.03951449710058013,48.348587760979726,0.6836839203576757
R:A:SER:102,0.0,3.758136761765302,0.05314276576652457,-0.10465446910617877,1.5778046891457949,0.022311296883515463,-0.11006838632273548,3.6043086649963674,0.050967525472432176,0.2169034193161368,3.5448980577966864,0.050127416614611744,0.0,0.0,0.0,0.0021805638872225415,6.49387424808649,0.0918280679921882
R:A:ALA:107,0.0,2.7202313743536237,0.03846603461288664,-0.15213397320535893,1.3330376579043923,0.018850114432422488,-0.07189682063587283,2.3828895268889316,0.03369577745634776,0.09050049990001999,1.0629604359964895,0.01503102762090807,0.0,0.0,0.0,-0.13353029394121174,3.998086481463331,0.05653582795611497
R:A:HSD:108,0.0,4.244659493003859,0.06002254827187317,-1.608006798640272,2.0677877878537316,0.02924001148195932,-0.9983547290541891,5.839741292071087,0.08257815595722491,2.1480291941611678,4.653593437816876,0.06580516934736884,0.0,0.0,0.0,-0.45833233353329333,8.834669817823256,0.12492860651846764
R:A:VAL:109,0.0,3.488429924958443,0.04932891646761705,-0.07168326334733055,1.500019063841869,0.021211352009878816,0.09780443911217757,1.4371044386294205,0.02032169380878043,-0.10613417316536694,0.6766740713498584,0.00956865967196321,0.0,0.0,0.0,-0.08001299740051984,4.116109510156427,0.058204758749880674
R:A:THR:110,0.0,3.256464184858371,0.046048753510959196,-0.03038032393521296,1.2598658854914628,0.0178154127681235,0.04714377124575085,5.4256276217321355,0.07672228982498727,-0.029606078784243147,2.9478214333631594,0.04168432228133541,0.0,0.0,0.0,-0.012842631473705228,7.093582122551936,0.10030837009968449
R:A:HSD:163,0.0,3.977497233448767,0.05624468113152925,-0.005749650069986003,1.7251891779540354,0.024395419911192665,-0.011410317936412728,5.645730007082804,0.07983469638462763,0.016144371125774847,3.155233484631464,0.044617278359423515,0.0,0.0,0.0,-0.0010155968806238778,7.786303846963405,0.11010395516628263
R:A:ASP:167,0.0,3.0421300767399053,0.043017914553899465,-0.016465706858628273,1.8067266128091501,0.025548418079272432,1.0566230753849228,12.567755670772211,0.17771713435703548,-1.2451731653669267,11.518077860292331,0.16287393264597058,0.0,0.0,0.0,-0.20501579684063212,17.410727056996265,0.24620024455422596
R:A:LYS:186,0.0,3.624956329838798,0.051259498353118826,-0.02998280343931214,2.0262812343951837,0.028653078864002323,-1.1858530293941214,16.24220527677983,0.22967650335063153,1.61673725254949,13.541184754660318,0.1914821240513139,0.0,0.0,0.0,0.40090141971605675,21.550383774935426,0.3047379778143439
L:B:LIG:194,0.0,8.525756179620325,0.12056034475531882,-17.128257348530294,4.604746975979772,0.06511444512829775,-6.462678464307138,7.408496160796023,0.10476148184943752,14.541745850829836,5.486627443118505,0.07758487131821983,0.0,0.0,0.0,-9.049189962007597,13.374644264848301,0.18912712134604648

Backbone Energy Decomposition:
Residue,Internal,,,van der Waals,,,Electrostatic,,,Polar Solvation,,,Non-Polar Solv.,,,TOTAL,,
,Avg.,Std. Dev.,Std. Err. of Mean,Avg.,Std. Dev.,Std. Err. of Mean,Avg.,Std. Dev.,Std. Err. of Mean,Avg.,Std. Dev.,Std. Err. of Mean,Avg.,Std. Dev.,Std. Err. of Mean,Avg.,Std. Dev.,Std. Err. of Mean
R:A:GLN:19,0.0,1.286929868224904,0.018198117013946885,-0.04220355928814237,0.9875421259476749,0.013964558293286092,0.03422315536892621,1.3798633534968003,0.019512263558563663,-0.037033393321335734,0.7354879883268166,0.010400330899449398,0.0,0.0,0.0,-0.04501379724055188,2.2530853049867168,0.03186025208903379
R:A:LYS:22,0.0,1.1721268113905583,0.016574718945867307,-0.10039772045590882,0.7095088283099154,0.010032966829670113,0.02844471105778845,1.3845842315809476,0.019579020181364242,0.07264027194561087,0.6789440385393869,0.009600758646082008,0.0,0.0,0.0,0.0006872625474905014,2.0628433147578322,0.029170093064341426
R:A:PHE:24,0.0,1.1900326481013674,0.016827920398208598,-0.09382543491301741,1.1774179179457742,0.016649539010738356,0.09574425114977005,1.3124035641254803,0.018558333456367176,-0.07343311337732454,0.6923743442193807,0.00979067286000473,0.0,0.0,0.0,-0.07151429714057186,2.237023916883634,0.031633132471000934
R:A:ASP:49,0.0,1.1844344070545907,0.01674875722999179,-0.002244151169766046,0.7344564166415408,0.010385743731414501,0.01810157968406319,2.1435221960827335,0.030310950665952633,-0.031445310937812436,1.067222941068674,0.015091302518547326,0.0,0.0,0.0,-0.0155878824235153,2.770552887710918,0.03917761712488324
R:A:VAL:51,0.0,1.2032808332646243,0.01701525929660244,-0.012785642871425716,1.0444982682734731,0.014769959246593327,0.028454509098180363,2.101597702004248,0.02971810806603446,-0.06602279544091182,1.046018957920879,0.014791462895571152,0.0,0.0,0.0,-0.05035392921415717,2.837204602690421,0.04012012047205496
R:A:MET:53,0.0,1.2041254111952149,0.017027202238007227,-0.026125374925015002,0.9934919059124477,0.014048692475481676,0.0020733853229354103,1.7207025968746565,0.024331976417113446,0.005585482903419316,0.9161978458458888,0.012955698689025817,0.0,0.0,0.0,-0.018466506698660262,2.4974347023743038,0.03531552889605993
R:A:ARG:62,0.0,1.2025590158315265,0.0170050522772189,-0.051426514697060596,0.6774053902510232,0.009579001048961682,-0.058531893621275734,1.0702350008918546,0.015133895218016533,0.15319696060787844,0.8147619401780952,0.011521321784475189,0.0,0.0,0.0,0.04323855228954211,1.9272431672198485,0.0272526091260687
R:A:PHE:64,0.0,1.1596646896597202,0.016398495551648743,-0.043432713457308536,0.808385548935,0.011431155010951929,-0.03821815636872626,1.2628649201054856,0.017857821281735936,0.03893661267746451,0.5260383724817952,0.00743856218789455,0.0,0.0,0.0,-0.0427142571485703,1.9671943381188466,0.027817547512234978
R:A:PHE:66,0.0,1.1239917761038467,0.015894054811600004,-0.01770625874825035,0.863713832907193,0.01221353687244035,-0.0353375324935013,1.3790054180307556,0.019500131731968455,0.07758548290341931,0.6257209042575803,0.00884814512033854,0.0,0.0,0.0,0.024541691661667673,2.074256900889429,0.029331489408540082
R:A:LYS:94,0.0,1.2057999687071996,0.017050881689624677,-0.21857948410317937,0.9371587794021526,0.013252101415387742,-0.19015696860627876,1.5178457779234436,0.021463434611146078,0.1456630673865227,1.042992199554684,0.014748662348096927,0.0,0.0,0.0,-0.2630733853229354,2.392469158889359,0.03383124036570955
R:A:ARG:95,0.0,1.2666481712645028,0.01791131918320271,-0.3328536292741452,0.8881206343490545,0.012558666657319617,0.042784843031393696,1.7381467054199125,0.024578648700000486,0.17277244551089785,0.9311380963614556,0.013166964612533352,0.0,0.0,0.0,-0.11729634073185363,2.5062577630766567,0.03544029334130825
R:A:ALA:96,0.0,1.353883246797604,0.019144886102013578,-0.16072965406918616,0.8683077754302764,0.01227849853480796,-0.26832033593281346,2.414380792562436,0.034141086677769585,0.20542451509698065,1.4622795946756877,0.020677688682227784,0.0,0.0,0.0,-0.22362547490501897,3.2487619893324298,0.0459398389081466
R:A:VAL:97,0.0,1.3577622135105307,0.019199737490483107,-0.0971499700059988,0.9687525144366294,0.013698859627517887,-0.2370267946410718,2.97205223290429,0.042026963272331457,0.22758628274345127,2.456707432021657,0.034739615903568416,0.0,0.0,0.0,-0.10659048190361926,4.201250473885856,0.059408713416629906
R:A:ALA:98,0.0,1.3475634818288758,0.01905552006487265,-0.10269106178764247,1.3893695918040216,0.019646688628140993,-0.12909798040391923,3.9124042311816885,0.05532421910691301,0.19695340931813637,2.581225524779321,0.03650039159018995,0.0,0.0,0.0,-0.034835632873425317,5.071085414201687,0.0717088071649558
R:A:ARG:99,0.0,1.3301148902749276,0.018808784389007658,-0.07196980603879224,1.2461941399056058,0.017622084419703463,-0.06989522095580884,3.2470146987620354,0.04591513095859744,0.1383615276944611,2.1974014786597245,0.03107284260208123,0.0,0.0,0.0,-0.0035034993001399777,4.323642349693,0.0611394228612456
R:A:SER:102,0.0,1.451363813988781,0.020523331666244534,-0.04693981203759248,1.0310862222110984,0.014580303236840285,0.021854229154169163,2.811801385947811,0.03976090065578765,0.06049650069986003,2.250321953212011,0.03182117630084329,0.0,0.0,0.0,0.03541091781643672,4.017433464951917,0.056809408263857636
R:A:ALA:107,0.0,1.3304836912896492,0.018813999501490843,-0.09305798840231953,1.1086369427087794,0.015676926387004093,0.06115216956608678,3.0033892512624134,0.04247009132540549,-0.013651269746050791,1.618181637939728,0.022882256076366934,0.0,0.0,0.0,-0.04555708858228352,3.825979813262258,0.05410211547174802
R:A:HSD:108,0.0,0.0,0.0,0.0,0.0,0.0,0.0,0.0,0.0,0.0,0.0,0.0,0.0,0.0,0.0,0.0,0.0,0.0
R:A:VAL:109,0.0,1.2977908052324236,0.01835169850072718,-0.01780243951209758,1.4724455175284321,0.020821442167321867,-0.07719836032793442,2.46751095727591,0.03489238554672792,0.050801439712057576,1.3243008091122381,0.01872656908579681,0.0,0.0,0.0,-0.0441993601279744,3.419757262369275,0.04835783546288387
R:A:THR:110,0.0,1.1939644030163765,0.01688351824994871,-0.0036000799840032005,0.9287708160699482,0.01313348956092927,-0.03899580083983203,1.3425496170850622,0.018984620399278687,0.05763167366526695,0.9784156683499718,0.013835503596999567,0.0,0.0,0.0,0.015035792841431722,2.2467538625451295,0.031770720923999914
R:A:HSD:163,0.0,0.0,0.0,0.0,0.0,0.0,0.0,0.0,0.0,0.0,0.0,0.0,0.0,0.0,0.0,0.0,0.0,0.0
R:A:ASP:167,0.0,1.2441688883326545,0.017593445900995305,-0.003858628274345131,0.9748054985256225,0.01378445319050434,-0.008259148170365917,1.4554445339913156,0.020581035991818788,-0.0015442911417716469,0.5833353702936755,0.008248783083743893,0.0,0.0,0.0,-0.013662067586482694,2.2263874165139272,0.03148272468023779
R:A:LYS:186,0.0,1.2231324003763882,0.017295974780895604,-0.0012621475704859017,0.9059763862226621,0.012811159873920543,-0.027344531093781238,2.3130155206998784,0.03270770858619592,0.032074385122975405,1.6773214872556605,0.02371853622232625,0.0,0.0,0.0,0.003467706458708258,3.2373282582789855,0.045778157700215996
L:B:LIG:194,0.0,0.0,0.0,0.0,0.0,0.0,0.0,0.0,0.0,0.0,0.0,0.0,0.0,0.0,0.0,0.0,0.0,0.0

